30093.391554972404
149109.055399421
149109.055399421
149109.055399421
149109.055399421
149109.055399421
149109.055399421
149109.055399421
534287.3947101409
189434.72048490556
55388.114513078835
538076.3972161908
538076.3972161908
425414.229273138
34349893.94037463
34349893.94037463
34349893.94037463
34349893.94037463
34349893.94037463
34349893.94037463
34349893.94037463
34349893.94037463
34349893.94037463
34349893.94037463
34349893.94037463
34349893.94037463
34349893.94037463
34349893.94037463
34349893.94037463
34349893.94037463
34349893.94037463
34349893.94037463
34349893.94037463
34349893.94037463
34349893.94037463
34349893.94037463
34349893.94037463
34349893.94037463
34349893.94037463
34349893.94037463
34349893.94037463
34349893.94037463
34349893.94037463
34349893.94037463
34349893.94037463
34349893.94037463
34349893.94037463
34349893.94037463
34349893.94037463
34349893.94037463
34349893.94037463
34349893.94037463
34349893.94037463
34349893.94037463
34349893.94037463
34349893.94037463
34349893.94037463
34349893.94037463
34349893.94037463
34349893.94037463
34349893.94037463
34349893.94037463
34349893.94037463
34349893.94037463
34349893.94037463
34349893.94037463
34349893.94037463
34349893.94037463
34349893.94037463
34349893.94037463
77792.59692083606
34349893.94037463
34349893.94037463
34349893.94037463
34349893.94037463
34349893.94037463
34349893.94037463
34349893.94037463
34349893.94037463
34349893.94037463
34349893.94037463
34349893.94037463
34349893.94037463
34349893.94037463
34349893.94037463
34349893.94037463
129585.53370562325
34349893.94037463
34349893.94037463
34349893.94037463
34349893.94037463
34349893.94037463
34349893.94037463
667744.7742503639
34349893.94037463
34349893.94037463
34349893.94037463
34349893.94037463
34349893.94037463
34349893.94037463
34349893.94037463
34349893.94037463
34349893.94037463
34349893.94037463
255975.90290192488
34349893.94037463
34349893.94037463
34349893.94037463
34349893.94037463
