2383.082712009482
89117.8718644902
72134.13956876271
14739.584670673828
6516.792767702775
114866.43399220613
218880.4551719982
218880.4551719982
218880.4551719982
218880.4551719982
218880.4551719982
39769.672664571786
297774.40506383375
297774.40506383375
297774.40506383375
297774.40506383375
297774.40506383375
297774.40506383375
297774.40506383375
297774.40506383375
297774.40506383375
5764921.959228332
1026686.6960096513
1026686.6960096513
1026686.6960096513
1026686.6960096513
1026686.6960096513
1026686.6960096513
1026686.6960096513
1026686.6960096513
1026686.6960096513
1026686.6960096513
1026686.6960096513
1026686.6960096513
1026686.6960096513
1026686.6960096513
1950455.530163994
1026686.6960096513
1026686.6960096513
1026686.6960096513
1026686.6960096513
1026686.6960096513
1026686.6960096513
1026686.6960096513
1026686.6960096513
1026686.6960096513
1026686.6960096513
82501.09292593489
1026686.6960096513
1026686.6960096513
1026686.6960096513
1026686.6960096513
1026686.6960096513
1026686.6960096513
1026686.6960096513
1026686.6960096513
1026686.6960096513
1026686.6960096513
1026686.6960096513
283602.0105737408
7179672.033595855
7179672.033595855
7179672.033595855
7179672.033595855
7179672.033595855
7179672.033595855
7179672.033595855
7179672.033595855
7179672.033595855
7179672.033595855
8442.159139446376
7179672.033595855
7179672.033595855
7179672.033595855
7179672.033595855
7179672.033595855
7179672.033595855
8138151.977581292
7179672.033595855
7179672.033595855
6821.743600878397
9922002.917625159
9922002.917625159
9922002.917625159
9922002.917625159
9922002.917625159
9922002.917625159
9922002.917625159
9922002.917625159
9922002.917625159
9922002.917625159
9922002.917625159
9922002.917625159
9922002.917625159
9922002.917625159
9922002.917625159
9922002.917625159
9922002.917625159
9922002.917625159
9922002.917625159
9922002.917625159
9922002.917625159
12145654.2929621
27744.49726833601
12145654.2929621
12145654.2929621
12145654.2929621
12145654.2929621
12145654.2929621
12145654.2929621
12145654.2929621
12145654.2929621
12145654.2929621
12145654.2929621
12145654.2929621
12145654.2929621
12145654.2929621
12145654.2929621
12145654.2929621
12145654.2929621
12145654.2929621
12145654.2929621
12145654.2929621
4416.640157783145
12145654.2929621
12145654.2929621
12145654.2929621
12145654.2929621
12145654.2929621
