0.16333488177683037
0.16333488177683037
0.18498742360942652
0.23745716875956235
0.35732130902143655
0.2755852198670198
0.4353859764748449
0.4353859764748449
0.4353859764748449
0.4353859764748449
0.8900668218960177
0.6509357068288195
0.8900668218960177
0.8900668218960177
0.8900668218960177
1.2072822759158233
1.1477600214915127
1.282053963408777
0.47612499788295454
1.282053963408777
1.282053963408777
1.282053963408777
1.282053963408777
292.2216317812
77.02726800095924
292.2216317812
292.2216317812
292.2216317812
292.2216317812
292.2216317812
292.2216317812
292.2216317812
292.2216317812
292.2216317812
292.2216317812
292.2216317812
292.2216317812
292.2216317812
292.2216317812
292.2216317812
292.2216317812
292.2216317812
292.2216317812
292.2216317812
292.2216317812
292.2216317812
292.2216317812
292.2216317812
292.2216317812
292.2216317812
292.2216317812
292.2216317812
292.2216317812
292.2216317812
292.2216317812
292.2216317812
292.2216317812
292.2216317812
292.2216317812
292.2216317812
292.2216317812
292.2216317812
292.2216317812
292.2216317812
292.2216317812
292.2216317812
292.2216317812
292.2216317812
292.2216317812
292.2216317812
292.2216317812
292.2216317812
292.2216317812
292.2216317812
292.2216317812
292.2216317812
292.2216317812
292.2216317812
292.2216317812
292.2216317812
292.2216317812
292.2216317812
292.2216317812
292.2216317812
292.2216317812
292.2216317812
292.2216317812
292.2216317812
292.2216317812
292.2216317812
292.2216317812
292.2216317812
292.2216317812
292.2216317812
292.2216317812
292.2216317812
292.2216317812
292.2216317812
292.2216317812
292.2216317812
292.2216317812
292.2216317812
292.2216317812
292.2216317812
292.2216317812
292.2216317812
292.2216317812
292.2216317812
292.2216317812
292.2216317812
292.2216317812
292.2216317812
745.3993478290369
745.3993478290369
745.3993478290369
745.3993478290369
745.3993478290369
745.3993478290369
745.3993478290369
745.3993478290369
745.3993478290369
745.3993478290369
745.3993478290369
745.3993478290369
745.3993478290369
745.3993478290369
745.3993478290369
745.3993478290369
745.3993478290369
745.3993478290369
745.3993478290369
745.3993478290369
745.3993478290369
745.3993478290369
745.3993478290369
745.3993478290369
745.3993478290369
745.3993478290369
745.3993478290369
745.3993478290369
745.3993478290369
745.3993478290369
745.3993478290369
745.3993478290369
745.3993478290369
745.3993478290369
745.3993478290369
745.3993478290369
745.3993478290369
745.3993478290369
745.3993478290369
745.3993478290369
745.3993478290369
745.3993478290369
745.3993478290369
745.3993478290369
745.3993478290369
745.3993478290369
745.3993478290369
745.3993478290369
745.3993478290369
780.5876343017343
780.5876343017343
780.5876343017343
780.5876343017343
780.5876343017343
780.5876343017343
780.5876343017343
780.5876343017343
780.5876343017343
780.5876343017343
780.5876343017343
1412.403633068607
1412.403633068607
1412.403633068607
1412.403633068607
1412.403633068607
1412.403633068607
1412.403633068607
1412.403633068607
1412.403633068607
1412.403633068607
1412.403633068607
1412.403633068607
1412.403633068607
1412.403633068607
1412.403633068607
1412.403633068607
1412.403633068607
1412.403633068607
1412.403633068607
1412.403633068607
1412.403633068607
1412.403633068607
1412.403633068607
1412.403633068607
4882.353943814646
4882.353943814646
4882.353943814646
4882.353943814646
4882.353943814646
4882.353943814646
4882.353943814646
4882.353943814646
4882.353943814646
4882.353943814646
4882.353943814646
4882.353943814646
4882.353943814646
4882.353943814646
4882.353943814646
4882.353943814646
4882.353943814646
4882.353943814646
4882.353943814646
4882.353943814646
4882.353943814646
4882.353943814646
4882.353943814646
4882.353943814646
4882.353943814646
4882.353943814646
4882.353943814646
4882.353943814646
4882.353943814646
4882.353943814646
4882.353943814646
4882.353943814646
4882.353943814646
4882.353943814646
4882.353943814646
4882.353943814646
4882.353943814646
4882.353943814646
4882.353943814646
4882.353943814646
4882.353943814646
4882.353943814646
4882.353943814646
4882.353943814646
4882.353943814646
4882.353943814646
4882.353943814646
4882.353943814646
4882.353943814646
4882.353943814646
4882.353943814646
4882.353943814646
4882.353943814646
4882.353943814646
4882.353943814646
4882.353943814646
4882.353943814646
4882.353943814646
4882.353943814646
4882.353943814646
4882.353943814646
4882.353943814646
4882.353943814646
4882.353943814646
4882.353943814646
4882.353943814646
4882.353943814646
4882.353943814646
4882.353943814646
4882.353943814646
4882.353943814646
4882.353943814646
4882.353943814646
4882.353943814646
4882.353943814646
4882.353943814646
4882.353943814646
4882.353943814646
4882.353943814646
4882.353943814646
4882.353943814646
4882.353943814646
4882.353943814646
4882.353943814646
4882.353943814646
4882.353943814646
4882.353943814646
4882.353943814646
4882.353943814646
4882.353943814646
4882.353943814646
4882.353943814646
4882.353943814646
4882.353943814646
4882.353943814646
4882.353943814646
4882.353943814646
4882.353943814646
4882.353943814646
4882.353943814646
4882.353943814646
4882.353943814646
4882.353943814646
4882.353943814646
4882.353943814646
4882.353943814646
4882.353943814646
4882.353943814646
4882.353943814646
4882.353943814646
4882.353943814646
4882.353943814646
4882.353943814646
4882.353943814646
4882.353943814646
4882.353943814646
4882.353943814646
4882.353943814646
4882.353943814646
4882.353943814646
4882.353943814646
4882.353943814646
4882.353943814646
4882.353943814646
4882.353943814646
4882.353943814646
4882.353943814646
4882.353943814646
4882.353943814646
4882.353943814646
4882.353943814646
4882.353943814646
4882.353943814646
4882.353943814646
4882.353943814646
4882.353943814646
4882.353943814646
4882.353943814646
4882.353943814646
4882.353943814646
4882.353943814646
4882.353943814646
4882.353943814646
4882.353943814646
4882.353943814646
4882.353943814646
4882.353943814646
4882.353943814646
4882.353943814646
4882.353943814646
4882.353943814646
4882.353943814646
4882.353943814646
4882.353943814646
4882.353943814646
4882.353943814646
4882.353943814646
4882.353943814646
4882.353943814646
4882.353943814646
4882.353943814646
4882.353943814646
4882.353943814646
4882.353943814646
4882.353943814646
4882.353943814646
4882.353943814646
4882.353943814646
4882.353943814646
4882.353943814646
4882.353943814646
4882.353943814646
4882.353943814646
4882.353943814646
4882.353943814646
4882.353943814646
4882.353943814646
4882.353943814646
4882.353943814646
4882.353943814646
4882.353943814646
4882.353943814646
4882.353943814646
4882.353943814646
4882.353943814646
4882.353943814646
4882.353943814646
4882.353943814646
4882.353943814646
4882.353943814646
4882.353943814646
4882.353943814646
4882.353943814646
4882.353943814646
4882.353943814646
4882.353943814646
4882.353943814646
4882.353943814646
4882.353943814646
4882.353943814646
4882.353943814646
4882.353943814646
4882.353943814646
4882.353943814646
4882.353943814646
4882.353943814646
4882.353943814646
4882.353943814646
4882.353943814646
4882.353943814646
4882.353943814646
4882.353943814646
4882.353943814646
4882.353943814646
4882.353943814646
4882.353943814646
4882.353943814646
4882.353943814646
4882.353943814646
4882.353943814646
4882.353943814646
4882.353943814646
4882.353943814646
4882.353943814646
4882.353943814646
4882.353943814646
10230.788599620988
10230.788599620988
10230.788599620988
10230.788599620988
10230.788599620988
10230.788599620988
10230.788599620988
10230.788599620988
10230.788599620988
10230.788599620988
10230.788599620988
10230.788599620988
10230.788599620988
10230.788599620988
10230.788599620988
10230.788599620988
10230.788599620988
10230.788599620988
10230.788599620988
10230.788599620988
10230.788599620988
10230.788599620988
10230.788599620988
10230.788599620988
10230.788599620988
10230.788599620988
10230.788599620988
10230.788599620988
10230.788599620988
10230.788599620988
10230.788599620988
10230.788599620988
10230.788599620988
10230.788599620988
10230.788599620988
10230.788599620988
10230.788599620988
10230.788599620988
10230.788599620988
10230.788599620988
10230.788599620988
10230.788599620988
10230.788599620988
10230.788599620988
10230.788599620988
10230.788599620988
10230.788599620988
10230.788599620988
10230.788599620988
10230.788599620988
10230.788599620988
10230.788599620988
10230.788599620988
10230.788599620988
10230.788599620988
10230.788599620988
10230.788599620988
10230.788599620988
10230.788599620988
10230.788599620988
10230.788599620988
10230.788599620988
10230.788599620988
10230.788599620988
10230.788599620988
10230.788599620988
10230.788599620988
10230.788599620988
10230.788599620988
10230.788599620988
10230.788599620988
10230.788599620988
10230.788599620988
10230.788599620988
10230.788599620988
10230.788599620988
10230.788599620988
10230.788599620988
10230.788599620988
10230.788599620988
10230.788599620988
10230.788599620988
10230.788599620988
10230.788599620988
10230.788599620988
10230.788599620988
10230.788599620988
10230.788599620988
10230.788599620988
10230.788599620988
10230.788599620988
10230.788599620988
10230.788599620988
10230.788599620988
10230.788599620988
10230.788599620988
10230.788599620988
10230.788599620988
10230.788599620988
10230.788599620988
10230.788599620988
10230.788599620988
10230.788599620988
10230.788599620988
10230.788599620988
10230.788599620988
10230.788599620988
10230.788599620988
10230.788599620988
10230.788599620988
10230.788599620988
10230.788599620988
10230.788599620988
10230.788599620988
10230.788599620988
10230.788599620988
10230.788599620988
10230.788599620988
10230.788599620988
10230.788599620988
10230.788599620988
10230.788599620988
10230.788599620988
10230.788599620988
10230.788599620988
10230.788599620988
10230.788599620988
10230.788599620988
10230.788599620988
10230.788599620988
10230.788599620988
10230.788599620988
10230.788599620988
10230.788599620988
10230.788599620988
10230.788599620988
10230.788599620988
10230.788599620988
10230.788599620988
10230.788599620988
10230.788599620988
10230.788599620988
10230.788599620988
10230.788599620988
10230.788599620988
10230.788599620988
10230.788599620988
10230.788599620988
10230.788599620988
10230.788599620988
10230.788599620988
10230.788599620988
10230.788599620988
10230.788599620988
10230.788599620988
10230.788599620988
10230.788599620988
10230.788599620988
10230.788599620988
10230.788599620988
10230.788599620988
10230.788599620988
10230.788599620988
10230.788599620988
10230.788599620988
10230.788599620988
10230.788599620988
10230.788599620988
10230.788599620988
10230.788599620988
10230.788599620988
10230.788599620988
10230.788599620988
10230.788599620988
10230.788599620988
10230.788599620988
10230.788599620988
10230.788599620988
10230.788599620988
10230.788599620988
10230.788599620988
10230.788599620988
10230.788599620988
10230.788599620988
10230.788599620988
10230.788599620988
10230.788599620988
10230.788599620988
10230.788599620988
10230.788599620988
10230.788599620988
10230.788599620988
10230.788599620988
10230.788599620988
10230.788599620988
10230.788599620988
10230.788599620988
10230.788599620988
10230.788599620988
10230.788599620988
10230.788599620988
10230.788599620988
10230.788599620988
10230.788599620988
10230.788599620988
10230.788599620988
10230.788599620988
10230.788599620988
10230.788599620988
10230.788599620988
10230.788599620988
10230.788599620988
10230.788599620988
10230.788599620988
10230.788599620988
10230.788599620988
10230.788599620988
10230.788599620988
10230.788599620988
10230.788599620988
10230.788599620988
10230.788599620988
