8650.728456962417
82941.7399184019
12881.960305003102
24968.161669732144
179077.1244138524
91911.6985836982
91911.6985836982
140315.96364181535
38212.69169032406
91911.6985836982
91911.6985836982
91911.6985836982
275258.89165579126
101017.0333434425
101017.0333434425
59656.59222463158
295164.0038084992
295164.0038084992
295164.0038084992
295164.0038084992
295164.0038084992
295164.0038084992
295164.0038084992
295164.0038084992
323071.5035235121
295164.0038084992
295164.0038084992
295164.0038084992
295164.0038084992
295164.0038084992
161606.47174316226
888320.4452010908
888320.4452010908
890922.8706955764
888320.4452010908
24361.81040311342
888320.4452010908
888320.4452010908
888320.4452010908
888320.4452010908
888320.4452010908
888320.4452010908
888320.4452010908
888320.4452010908
888320.4452010908
888320.4452010908
888320.4452010908
888320.4452010908
888320.4452010908
888320.4452010908
888320.4452010908
888320.4452010908
888320.4452010908
888320.4452010908
888320.4452010908
888320.4452010908
888320.4452010908
888320.4452010908
888320.4452010908
888320.4452010908
888320.4452010908
888320.4452010908
918558.1970116348
888320.4452010908
888320.4452010908
888320.4452010908
888320.4452010908
888320.4452010908
1213920.7059700657
888320.4452010908
888320.4452010908
888320.4452010908
888320.4452010908
888320.4452010908
1001365.2042572349
888320.4452010908
888320.4452010908
888320.4452010908
888320.4452010908
888320.4452010908
888320.4452010908
888320.4452010908
888320.4452010908
39963.3824841691
888320.4452010908
888320.4452010908
888320.4452010908
888320.4452010908
888320.4452010908
888320.4452010908
888320.4452010908
888320.4452010908
888320.4452010908
888320.4452010908
36154.91447856623
33438.91109725512
888320.4452010908
