learning with cuda 

/home/rws/miniconda3/envs/torch/lib/python3.9/site-packages/pygad/pygad.py:486: UserWarning: The percentage of genes to mutate (mutation_percent_genes=10) resutled in selecting (0) genes. The number of genes to mutate is set to 1 (mutation_num_genes=1).
If you do not want to mutate any gene, please set mutation_type=None.
  if not self.suppress_warnings: warnings.warn("The percentage of genes to mutate (mutation_percent_genes={mutation_percent}) resutled in selecting ({mutation_num}) genes. The number of genes to mutate is set to 1 (mutation_num_genes=1).\nIf you do not want to mutate any gene, please set mutation_type=None.".format(mutation_percent=mutation_percent_genes, mutation_num=mutation_num_genes))
Generation = 1**************************************************
[[0.01859759519164328 7916 8 2]
 [0.047809972718313165 6417 22 2]
 [0.09139298453766782 5460 6 2]
 [0.0546953431751998 5460 5 3]
 [0.0064847215825956 8239 29 2]
 [0.04871236671551543 5430 26 4]
 [0.04871236671551543 5430 26 1]
 [0.064196096541991 1411 17 1]
 [0.08189486377235897 8411 12 1]
 [0.04709764472086343 8041 8 3]
 [0.039294417979583794 8041 8 1]
 [0.01859759519164328 6986 8 2]
 [0.06101970972154798 6417 6 2]
 [0.0546953431751998 7524 5 3]
 [0.0064847215825956 6521 5 2]
 [0.07964219276248591 5167 21 4]
 [0.07872177867495561 1411 17 2]
 [0.064196096541991 1411 29 4]
 [0.04709764472086343 5717 12 1]
 [0.04709764472086343 2571 12 4]]
Parameters of the best solution (9) : [0.04709764472086343 8041 8 3]
Fitness    = 19037.714821758524
Change     = 19037.714821758524
Loss of best pinn :  5.25173127243761e-05
Generation = 2**************************************************
[[0.01859759519164328 6986 8 2]
 [0.027412240283053915 6986 8 2]
 [0.0064847215825956 4030 8 2]
 [0.05058921313879964 2571 12 4]
 [0.0546953431751998 2921 5 3]
 [0.0546953431751998 6417 20 2]
 [0.06101970972154798 8041 8 4]
 [0.04709764472086343 8041 8 3]
 [0.09139298453766782 5460 29 2]
 [0.018779194299790043 5460 12 1]
 [0.08189486377235897 1015 8 2]
 [0.01859759519164328 8239 29 1]
 [0.0064847215825956 8239 12 2]
 [0.04709764472086343 3950 12 4]
 [0.04709764472086343 7524 5 4]
 [0.06101970972154798 6417 15 2]
 [0.06101970972154798 6417 6 3]
 [0.025186525341757915 6521 5 2]
 [0.0064847215825956 5460 6 4]
 [0.09139298453766782 5460 4 1]]
Parameters of the best solution (15) : [0.06101970972154798 6417 15 2]
Fitness    = 4182.904870711321
Change     = -1717.4718982495751
Loss of best pinn :  0.00023905831039883194
Generation = 3**************************************************
[[0.04709764472086343 7524 5 4]
 [0.04709764472086343 7524 5 2]
 [0.01859759519164328 7937 6 4]
 [0.025186525341757915 6521 16 2]
 [0.025186525341757915 6521 5 1]
 [0.06101970972154798 4582 12 4]
 [0.0657603665225011 6986 8 2]
 [0.04709764472086343 324 12 4]
 [0.04709764472086343 3449 12 2]
 [0.0064847215825956 8239 8 3]
 [0.04709764472086343 8041 10 4]
 [0.01859759519164328 6986 26 2]
 [0.01859759519164328 5460 6 3]
 [0.025186525341757915 6521 14 2]
 [0.06886063446467494 6417 6 3]
 [0.06101970972154798 6417 12 4]
 [0.027412240283053915 3929 8 2]
 [0.04709764472086343 3950 12 4]
 [0.04709764472086343 3950 12 3]
 [0.04709764472086343 2785 8 3]]
Parameters of the best solution (9) : [0.0064847215825956 8239 8 3]
Fitness    = 4602.164911831136
Change     = -7169.35022638854
Loss of best pinn :  0.00021727904095314443
Generation = 4**************************************************
[[0.04709764472086343 7524 5 4]
 [0.04709764472086343 7524 16 1]
 [0.025186525341757915 6521 26 4]
 [0.04709764472086343 8488 12 3]
 [0.04709764472086343 3950 27 2]
 [0.0064847215825956 5005 8 3]
 [0.04824677209895361 3950 12 4]
 [0.04709764472086343 3827 12 3]
 [0.06886063446467494 1039 6 3]
 [0.06886063446467494 3449 9 2]
 [0.04709764472086343 3449 20 4]
 [0.025186525341757915 6521 4 2]
 [0.025186525341757915 571 6 4]
 [0.01859759519164328 1860 12 3]
 [0.04709764472086343 3929 8 1]
 [0.04424202045743869 8239 8 3]
 [0.0502622995549933 8239 8 4]
 [0.04709764472086343 8620 8 3]
 [0.04709764472086343 381 8 3]
 [0.06886063446467494 3449 12 1]]
Parameters of the best solution (0) : [0.04709764472086343 7524 5 4]
Fitness    = 68719.60938083303
Change     = -25665.089729261163
Loss of best pinn :  1.4541887139785103e-05
Generation = 5**************************************************
[[0.04709764472086343 7524 5 4]
 [0.04688516015712252 7524 8 3]
 [0.04824677209895361 555 12 4]
 [0.04709764472086343 3950 27 2]
 [0.04709764472086343 3950 12 4]
 [0.04709764472086343 3546 12 3]
 [0.01859759519164328 122 12 3]
 [0.08038109256154384 1860 12 2]
 [0.06886063446467494 3449 23 3]
 [0.0502622995549933 8239 16 4]
 [0.0941836459842028 7524 5 4]
 [0.04709764472086343 8239 15 3]
 [0.04424202045743869 8239 12 4]
 [0.04824677209895361 3950 7 2]
 [0.04070221642608475 3950 27 3]
 [0.04709764472086343 6042 8 3]
 [0.01859759519164328 1979 12 3]
 [0.01859759519164328 1592 12 2]
 [0.06886063446467494 1039 23 3]
 [0.06886063446467494 4283 8 4]]
Parameters of the best solution (0) : [0.04709764472086343 7524 5 4]
Fitness    = 68719.60938083303
Change     = 0.0
Loss of best pinn :  1.4541887139785103e-05
Generation = 6**************************************************
[[0.04709764472086343 7524 5 4]
 [0.04070221642608475 7192 27 3]
 [0.04709764472086343 6042 8 3]
 [0.04709764472086343 8468 8 2]
 [0.01859759519164328 1979 2 3]
 [0.01859759519164328 1979 19 2]
 [0.04688516015712252 7524 8 4]
 [0.04859877830747195 7524 12 2]
 [0.08988199913054826 1860 12 3]
 [0.029539263390125407 3449 23 3]
 [0.06886063446467494 3449 22 4]
 [0.04709764472086343 7524 27 1]
 [0.04709764472086343 6042 8 4]
 [0.04709764472086343 6755 27 2]
 [0.04709764472086343 6447 12 3]
 [0.01859759519164328 3950 7 3]
 [0.08142137722511203 3950 7 3]
 [0.08038109256154384 597 12 2]
 [0.08038109256154384 8094 12 3]
 [0.03818165447038342 3546 12 3]]
Parameters of the best solution (0) : [0.04709764472086343 7524 5 4]
Fitness    = 68719.60938083303
Change     = 0.0
Loss of best pinn :  1.4541887139785103e-05
Generation = 7**************************************************
[[0.04709764472086343 7524 5 4]
 [0.029539263390125407 3449 23 4]
 [0.029539263390125407 3449 23 2]
 [0.07327120159807597 6042 7 3]
 [0.08131808227115617 3950 8 2]
 [0.013348722543211362 6447 12 3]
 [0.04709764472086343 6447 6 3]
 [0.08142137722511203 3950 27 1]
 [0.04709764472086343 3546 25 3]
 [0.03818165447038342 3546 13 4]
 [0.04688516015712252 7524 5 1]
 [0.04709764472086343 3449 24 3]
 [0.04709764472086343 6042 2 3]
 [0.04709764472086343 4813 8 3]
 [0.04115423941514908 3950 8 2]
 [0.04709764472086343 8468 4 3]
 [0.023465489423329357 3950 7 3]
 [0.08142137722511203 3025 27 2]
 [0.0769614007078674 6755 27 3]
 [0.03818165447038342 2621 12 4]]
Parameters of the best solution (0) : [0.04709764472086343 7524 5 4]
Fitness    = 68719.60938083303
Change     = 0.0
Loss of best pinn :  1.4541887139785103e-05
Generation = 8**************************************************
[[0.04709764472086343 7524 5 4]
 [0.04709764472086343 7524 12 2]
 [0.013348722543211362 8503 8 3]
 [0.023465489423329357 3950 24 3]
 [0.023465489423329357 4790 7 3]
 [0.09833672852075427 6447 6 3]
 [0.04709764472086343 6447 14 2]
 [0.041198045846598315 3025 27 2]
 [0.08131808227115617 3950 8 3]
 [0.0685563867019038 3950 13 4]
 [0.03818165447038342 7616 5 4]
 [0.04709764472086343 6447 12 3]
 [0.02951808703479083 4813 8 3]
 [0.04709764472086343 1616 7 3]
 [0.023465489423329357 6117 7 3]
 [0.07327120159807597 6042 8 3]
 [0.01482819863267025 3025 27 2]
 [0.029539263390125407 4192 23 2]
 [0.029539263390125407 3449 23 4]
 [0.08131808227115617 3546 13 4]]
Parameters of the best solution (0) : [0.04709764472086343 7524 5 4]
Fitness    = 68719.60938083303
Change     = 0.0
Loss of best pinn :  1.4541887139785103e-05
Generation = 9**************************************************
[[0.04709764472086343 7524 5 4]
 [0.04709764472086343 3025 1 2]
 [0.041198045846598315 2882 7 3]
 [0.04709764472086343 6447 12 1]
 [0.04709764472086343 6447 12 1]
 [0.02951808703479083 1917 8 3]
 [0.013348722543211362 7073 14 2]
 [0.04709764472086343 6447 21 2]
 [0.029539263390125407 5487 27 2]
 [0.01482819863267025 3025 29 3]
 [0.0025077516153340306 6042 5 4]
 [0.04709764472086343 3025 27 2]
 [0.041198045846598315 4243 27 3]
 [0.04709764472086343 6447 16 3]
 [0.02249997579910525 6447 8 3]
 [0.0928423677320529 4813 8 3]
 [0.013348722543211362 2037 14 2]
 [0.04709764472086343 6447 23 3]
 [0.01482819863267025 3025 13 2]
 [0.07327120159807597 2573 8 3]]
Parameters of the best solution (0) : [0.04709764472086343 7524 5 4]
Fitness    = 68719.60938083303
Change     = 0.0
Loss of best pinn :  1.4541887139785103e-05
Generation = 10**************************************************
[[0.04709764472086343 7524 5 4]
 [0.04709764472086343 8495 8 3]
 [0.029539263390125407 5487 3 2]
 [0.0025077516153340306 6042 1 4]
 [0.0025077516153340306 1735 5 2]
 [0.013348722543211362 7073 29 3]
 [0.01482819863267025 3451 21 2]
 [0.04709764472086343 5941 27 2]
 [0.04709764472086343 6358 27 3]
 [0.02951808703479083 2573 22 3]
 [0.013818546568731669 2573 5 4]
 [0.005232595916481628 6447 8 3]
 [0.02249997579910525 6447 8 3]
 [0.029539263390125407 5487 1 4]
 [0.0025077516153340306 7073 20 2]
 [0.060909476024006336 3025 29 3]
 [0.04709764472086343 1678 21 2]
 [0.04709764472086343 3025 5 2]
 [0.04709764472086343 6723 8 3]
 [0.02951808703479083 1508 8 3]]
Parameters of the best solution (0) : [0.04709764472086343 7524 5 4]
Fitness    = 68719.60938083303
Change     = 0.0
Loss of best pinn :  1.4541887139785103e-05
Generation = 11**************************************************
[[0.013348722543211362 7073 29 3]
 [0.013348722543211362 7073 29 4]
 [0.04709764472086343 6447 8 2]
 [0.05935315079890771 6723 8 3]
 [0.014708195212997887 6723 8 2]
 [0.05364805295578971 5941 27 3]
 [0.02951808703479083 1678 2 2]
 [0.037234073635149974 3451 21 2]
 [0.02951808703479083 6957 8 3]
 [0.02951808703479083 2315 8 4]
 [0.05348089385636642 2573 5 3]
 [0.023247256972620624 7524 5 4]
 [0.04709764472086343 3952 8 3]
 [0.02249997579910525 5460 8 3]
 [0.04448460058644988 5941 27 2]
 [0.04709764472086343 5941 22 3]
 [0.045406940061103004 2573 22 2]
 [0.04709764472086343 2928 21 2]
 [0.01482819863267025 1508 8 1]
 [0.02951808703479083 2573 5 2]]
Parameters of the best solution (11) : [0.023247256972620624 7524 5 4]
Fitness    = 26227.59719288515
Change     = -42492.01218794788
Loss of best pinn :  3.811777787632309e-05
Generation = 12**************************************************
[[0.013348722543211362 7073 29 3]
 [0.013348722543211362 5460 8 2]
 [0.02249997579910525 8344 8 2]
 [0.06922797981532844 6447 8 2]
 [0.02951808703479083 5876 8 3]
 [0.018043408161069203 7524 5 4]
 [0.023247256972620624 7663 21 2]
 [0.04709764472086343 2315 1 4]
 [0.02951808703479083 2573 5 4]
 [0.05348089385636642 3952 26 3]
 [0.013348722543211362 7073 29 2]
 [0.02249997579910525 6641 8 3]
 [0.003364561299142667 5460 8 2]
 [0.014708195212997887 6447 8 4]
 [0.04709764472086343 6447 8 1]
 [0.023247256972620624 7524 4 4]
 [0.06288112385720893 7524 21 2]
 [0.04709764472086343 2315 5 4]
 [0.05348089385636642 2573 5 2]
 [0.005048522735769818 3952 8 3]]
Parameters of the best solution (0) : [0.013348722543211362 7073 29 3]
Fitness    = 213403.12831942437
Change     = 208119.52776521666
Loss of best pinn :  4.6759669203311205e-06
Generation = 13**************************************************
[[0.013348722543211362 7073 29 3]
 [0.018043408161069203 7524 2 4]
 [0.018043408161069203 6700 8 3]
 [0.02951808703479083 5460 8 2]
 [0.003364561299142667 3522 5 4]
 [0.04709764472086343 8344 8 2]
 [0.02249997579910525 6641 8 2]
 [0.02249997579910525 7073 23 2]
 [0.013348722543211362 6035 29 4]
 [0.020045119531795476 7524 8 2]
 [0.026776116055455785 7073 29 3]
 [0.00694701003605699 7524 5 4]
 [0.018043408161069203 826 8 3]
 [0.02951808703479083 3457 8 2]
 [0.003364561299142667 5460 10 4]
 [0.04709764472086343 2315 8 4]
 [0.02249997579910525 8344 8 1]
 [0.0872510287261855 6641 29 2]
 [0.013348722543211362 7073 15 4]
 [0.0306294356399411 6447 8 2]]
Parameters of the best solution (0) : [0.013348722543211362 7073 29 3]
Fitness    = 213403.12831942437
Change     = 0.0
Loss of best pinn :  4.6759669203311205e-06
Generation = 14**************************************************
[[0.013348722543211362 7073 29 3]
 [0.017657194803144403 7073 15 4]
 [0.013348722543211362 7073 15 4]
 [0.020045119531795476 7524 8 1]
 [0.03025763330668607 7524 29 4]
 [0.055027176833438614 6700 8 3]
 [0.018043408161069203 3738 23 2]
 [0.02249997579910525 6139 10 4]
 [0.003364561299142667 6641 6 2]
 [0.02249997579910525 6641 24 2]
 [0.0159290055718561 6447 8 3]
 [0.013348722543211362 7073 17 4]
 [0.013348722543211362 7073 15 2]
 [0.08338765673476826 5460 8 2]
 [0.020045119531795476 7721 8 4]
 [0.018043408161069203 7130 8 3]
 [0.018043408161069203 7073 16 2]
 [0.03135126037358324 7073 23 4]
 [0.003364561299142667 2067 8 2]
 [0.02249997579910525 6447 17 2]]
Parameters of the best solution (0) : [0.013348722543211362 7073 29 3]
Fitness    = 213403.12831942437
Change     = -390623.83096410567
Loss of best pinn :  4.6759669203311205e-06
Generation = 15**************************************************
[[0.013348722543211362 7073 29 3]
 [0.013348722543211362 7073 29 2]
 [0.00982331506595331 7073 15 4]
 [0.013348722543211362 7073 3 2]
 [0.018043408161069203 6931 8 3]
 [0.008024981916062629 6447 8 4]
 [0.02249997579910525 6139 10 1]
 [0.017657194803144403 1538 8 3]
 [0.018043408161069203 7073 25 2]
 [0.013348722543211362 7073 17 3]
 [0.013348722543211362 7073 4 3]
 [0.013348722543211362 7073 29 1]
 [0.08850844537595601 7073 15 4]
 [0.013348722543211362 4590 15 2]
 [0.033556367464793666 6447 8 3]
 [0.08345608284663127 6447 8 4]
 [0.09320901003816952 6139 10 4]
 [0.018043408161069203 2246 8 3]
 [0.06004447161349962 7130 15 2]
 [0.02249997579910525 6447 3 2]]
Parameters of the best solution (0) : [0.013348722543211362 7073 29 3]
Fitness    = 213403.12831942437
Change     = 0.0
Loss of best pinn :  4.6759669203311205e-06
Generation = 16**************************************************
[[0.013348722543211362 7073 29 3]
 [0.013348722543211362 7073 22 3]
 [0.09104050016801597 7073 15 4]
 [0.09355571464789807 7073 15 3]
 [0.008024981916062629 6447 28 4]
 [0.028909576255010356 6447 8 2]
 [0.018043408161069203 7073 25 3]
 [0.07997877326437301 7073 8 3]
 [0.018043408161069203 2122 8 3]
 [0.013348722543211362 4590 15 1]
 [0.013348722543211362 7860 29 3]
 [0.013348722543211362 7380 17 3]
 [0.013348722543211362 383 15 4]
 [0.00982331506595331 7073 15 4]
 [0.07412225133816382 6931 8 4]
 [0.049474350756732816 7073 29 2]
 [0.013348722543211362 7073 9 2]
 [0.06142780707681103 2246 8 3]
 [0.04759285233548825 6447 8 3]
 [0.033556367464793666 6447 15 4]]
Parameters of the best solution (0) : [0.013348722543211362 7073 29 3]
Fitness    = 213403.12831942437
Change     = 0.0
Loss of best pinn :  4.6759669203311205e-06
Generation = 17**************************************************
[[0.013348722543211362 7380 17 3]
 [0.014814971065404612 7380 29 3]
 [0.013348722543211362 7073 12 3]
 [0.014325907770266868 7860 29 4]
 [0.00982331506595331 4376 15 4]
 [0.09428566230642582 6447 9 2]
 [0.013348722543211362 4706 9 2]
 [0.011647849830982195 7073 25 3]
 [0.018043408161069203 7073 24 3]
 [0.013348722543211362 7073 29 3]
 [0.07211632734071706 7380 17 3]
 [0.013348722543211362 7073 19 3]
 [0.013348722543211362 7860 29 4]
 [0.06472915204425948 7860 29 4]
 [0.07306096838991226 7073 28 4]
 [0.008024981916062629 7073 9 1]
 [0.013348722543211362 7073 21 2]
 [0.08404085929473855 7073 25 3]
 [0.013348722543211362 7073 22 2]
 [0.013348722543211362 2677 22 3]]
Parameters of the best solution (9) : [0.013348722543211362 7073 29 3]
Fitness    = 283432.85897451546
Change     = 70029.73065509109
Loss of best pinn :  3.5181724342692174e-06
Generation = 18**************************************************
[[0.013348722543211362 7380 17 3]
 [0.013348722543211362 7073 2 3]
 [0.013348722543211362 7073 26 3]
 [0.014814971065404612 2467 19 3]
 [0.00982331506595331 4376 15 2]
 [0.07483034811505794 4376 15 3]
 [0.013348722543211362 2677 2 3]
 [0.013348722543211362 7073 16 2]
 [0.013348722543211362 7073 22 3]
 [0.013348722543211362 7073 25 1]
 [0.0005096257669456502 7380 17 3]
 [0.013348722543211362 8972 29 3]
 [0.013348722543211362 7073 29 4]
 [0.014814971065404612 7073 19 2]
 [0.013348722543211362 7073 15 1]
 [0.00982331506595331 7485 22 3]
 [0.013348722543211362 3896 12 3]
 [0.013348722543211362 7073 21 4]
 [0.013348722543211362 7073 22 2]
 [0.05205849482106312 7073 25 3]]
Parameters of the best solution (0) : [0.013348722543211362 7380 17 3]
Fitness    = 283432.85897451546
Change     = -882152.4596214115
Loss of best pinn :  3.5181724342692174e-06
Generation = 19**************************************************
[[0.013348722543211362 7380 17 3]
 [0.013348722543211362 2127 17 4]
 [0.013348722543211362 6125 29 3]
 [0.013348722543211362 1635 29 3]
 [0.013348722543211362 7073 6 3]
 [0.014814971065404612 2467 19 1]
 [0.002818160855504656 7073 12 3]
 [0.013348722543211362 3896 22 4]
 [0.013348722543211362 7073 19 2]
 [0.07334616940720781 7073 19 4]
 [0.006858083646190931 7380 17 3]
 [0.013348722543211362 7380 23 4]
 [0.013348722543211362 919 29 3]
 [0.013348722543211362 8972 16 3]
 [0.013348722543211362 7073 24 3]
 [0.040854423411435484 2467 19 2]
 [0.04456116620554661 7073 16 3]
 [0.060518189271638226 7073 22 2]
 [0.013348722543211362 7073 22 2]
 [0.013348722543211362 7073 29 1]]
Parameters of the best solution (0) : [0.013348722543211362 7380 17 3]
Fitness    = 283432.85897451546
Change     = -393514.1507379055
Loss of best pinn :  3.5181724342692174e-06
Generation = 20**************************************************
[[0.013348722543211362 8972 16 3]
 [0.013348722543211362 7073 26 3]
 [0.013348722543211362 7380 17 4]
 [0.013348722543211362 7380 17 4]
 [0.006858083646190931 6555 23 4]
 [0.013348722543211362 6125 29 1]
 [0.013348722543211362 7073 12 3]
 [0.013348722543211362 1231 6 3]
 [0.05269384105541596 7073 17 4]
 [0.040854423411435484 2467 21 2]
 [0.011265882346244963 8972 16 3]
 [0.013348722543211362 8972 11 3]
 [0.013348722543211362 7073 24 4]
 [0.01084773203215297 7380 17 3]
 [0.006858083646190931 7380 20 4]
 [0.013348722543211362 7380 28 3]
 [0.013348722543211362 6125 12 2]
 [0.03904665773903185 7073 6 3]
 [0.07396374575550523 2127 17 4]
 [0.013348722543211362 2127 28 2]]
Parameters of the best solution (11) : [0.013348722543211362 8972 11 3]
Fitness    = 83190.40558830892
Change     = -200242.45338620653
Loss of best pinn :  1.2010616956104059e-05
Generation = 21**************************************************
[[0.013348722543211362 8972 16 3]
 [0.05675495867069781 8972 23 4]
 [0.006858083646190931 7073 6 3]
 [0.013348722543211362 7106 20 4]
 [0.009816611350265746 7380 17 4]
 [0.013348722543211362 7380 28 4]
 [0.013348722543211362 7950 26 3]
 [0.013348722543211362 7380 17 2]
 [0.035544809166447915 8972 16 3]
 [0.011265882346244963 6637 16 2]
 [0.013348722543211362 8972 3 3]
 [0.013348722543211362 6555 9 4]
 [0.006858083646190931 7157 12 3]
 [0.013348722543211362 7073 20 3]
 [0.006858083646190931 7380 17 2]
 [0.013348722543211362 7484 28 3]
 [0.05027215121296187 7380 26 3]
 [0.013348722543211362 7073 4 4]
 [0.032278124866305956 8972 16 3]
 [0.011265882346244963 8972 12 2]]
Parameters of the best solution (0) : [0.013348722543211362 8972 16 3]
Fitness    = 1195390.6335992364
Change     = 1030174.9755628727
Loss of best pinn :  8.265466249213205e-07
Generation = 22**************************************************
[[0.013348722543211362 8972 16 3]
 [0.013348722543211362 8972 28 1]
 [0.013348722543211362 7380 17 2]
 [0.009816611350265746 7230 16 2]
 [0.06266822269409547 8972 12 2]
 [0.006858083646190931 7157 28 3]
 [0.013348722543211362 1192 20 3]
 [0.05041843494067855 7380 17 2]
 [0.013348722543211362 7380 28 1]
 [0.013348722543211362 7073 4 2]
 [0.07356167244958056 8972 16 3]
 [0.02039307167748813 7484 28 3]
 [0.009816611350265746 7380 17 4]
 [0.002735590709950131 7380 16 2]
 [0.011265882346244963 6637 21 2]
 [0.011265882346244963 8972 15 3]
 [0.006858083646190931 7157 16 3]
 [0.013348722543211362 2191 17 2]
 [0.013348722543211362 1731 28 4]
 [0.013348722543211362 7380 29 4]]
Parameters of the best solution (0) : [0.013348722543211362 8972 16 3]
Fitness    = 1195390.6335992364
Change     = 0.0
Loss of best pinn :  8.265466249213205e-07
Generation = 23**************************************************
[[0.013348722543211362 8972 16 3]
 [0.013348722543211362 7758 16 2]
 [0.013348722543211362 1731 28 2]
 [0.013348722543211362 1731 6 4]
 [0.011265882346244963 6637 8 2]
 [0.011265882346244963 7380 29 1]
 [0.050081701004821164 7380 29 3]
 [0.03698731364480386 7380 17 2]
 [0.013348722543211362 1445 16 2]
 [0.05041843494067855 2374 17 2]
 [0.05041843494067855 7380 17 2]
 [0.013348722543211362 5235 16 2]
 [0.013348722543211362 1028 28 4]
 [0.04686632913991863 1731 28 4]
 [0.009816611350265746 7380 17 1]
 [0.011265882346244963 7380 29 2]
 [0.02039307167748813 7484 28 2]
 [0.08462774913381811 7484 17 2]
 [0.009816611350265746 7230 9 2]
 [0.009816611350265746 7973 17 2]]
Parameters of the best solution (0) : [0.013348722543211362 8972 16 3]
Fitness    = 1195390.6335992364
Change     = 0.0
Loss of best pinn :  8.265466249213205e-07
Generation = 24**************************************************
[[0.013348722543211362 8972 16 3]
 [0.013348722543211362 8972 29 2]
 [0.011265882346244963 5599 29 2]
 [0.014911451567958 7758 16 2]
 [0.013348722543211362 7758 28 2]
 [0.009022018981248265 5235 16 2]
 [0.09964922322735113 5235 16 2]
 [0.05041843494067855 7380 6 2]
 [0.09295323688547937 6637 8 2]
 [0.05041843494067855 2374 16 2]
 [0.013348722543211362 8972 16 3]
 [0.013348722543211362 6881 29 2]
 [0.031347226364257054 7380 29 2]
 [0.009816611350265746 2131 16 2]
 [0.013348722543211362 7758 28 3]
 [0.017920406095386403 5235 16 2]
 [0.013348722543211362 2745 16 2]
 [0.05041843494067855 6637 22 2]
 [0.011265882346244963 2374 17 2]
 [0.07321679473349783 2374 17 2]]
Parameters of the best solution (0) : [0.013348722543211362 8972 16 3]
Fitness    = 1195390.6335992364
Change     = 0.0
Loss of best pinn :  8.265466249213205e-07
Generation = 25**************************************************
[[0.013348722543211362 8972 16 3]
 [0.038422732408859295 8972 16 3]
 [0.013348722543211362 7758 7 2]
 [0.013348722543211362 7758 25 3]
 [0.011265882346244963 5599 29 4]
 [0.011265882346244963 8338 29 2]
 [0.014911451567958 7758 16 2]
 [0.009022018981248265 5321 29 2]
 [0.013348722543211362 8972 29 2]
 [0.013348722543211362 219 6 2]
 [0.016929666140589585 7380 16 3]
 [0.01632596643348426 8972 16 3]
 [0.013348722543211362 8972 16 2]
 [0.013348722543211362 2705 28 3]
 [0.013348722543211362 8030 29 2]
 [0.014911451567958 7758 1 2]
 [0.014911451567958 4971 16 2]
 [0.009022018981248265 542 29 2]
 [0.013348722543211362 1812 29 2]
 [0.013348722543211362 6881 24 2]]
Parameters of the best solution (3) : [0.013348722543211362 7758 25 3]
Fitness    = 1656396.02242963
Change     = 461005.38883039355
Loss of best pinn :  5.937203582107031e-07
Generation = 26**************************************************
[[0.013348722543211362 8972 16 3]
 [0.06726527767231286 7758 25 3]
 [0.01632596643348426 8972 16 2]
 [0.0029722504653903496 8972 16 4]
 [0.011265882346244963 5599 24 2]
 [0.011265882346244963 7295 29 2]
 [0.014911451567958 7758 16 4]
 [0.013348722543211362 3903 16 2]
 [0.013348722543211362 6881 24 2]
 [0.013348722543211362 6881 29 3]
 [0.013348722543211362 8972 16 1]
 [0.013348722543211362 5034 25 3]
 [0.013348722543211362 5753 25 3]
 [0.01632596643348426 5599 29 4]
 [0.011265882346244963 8338 13 2]
 [0.011265882346244963 4971 10 2]
 [0.014911451567958 7758 16 4]
 [0.05135894398880833 8972 16 2]
 [0.013348722543211362 8972 24 4]
 [0.013348722543211362 8972 6 2]]
Parameters of the best solution (0) : [0.013348722543211362 8972 16 3]
Fitness    = 1195390.6335992364
Change     = 446903.349499846
Loss of best pinn :  8.265466249213205e-07
Generation = 27**************************************************
[[0.013348722543211362 8972 16 3]
 [0.013348722543211362 2851 16 3]
 [0.013348722543211362 883 25 3]
 [0.0029722504653903496 5886 16 4]
 [0.05775593393811499 8972 29 2]
 [0.011265882346244963 7295 29 2]
 [0.01632596643348426 8972 29 1]
 [0.04844035656599947 6881 16 4]
 [0.014911451567958 8972 19 4]
 [0.013348722543211362 5696 24 2]
 [0.013348722543211362 1658 16 3]
 [0.013348722543211362 8972 16 3]
 [0.013348722543211362 5753 8 3]
 [0.044776922824711844 5753 16 4]
 [0.0029722504653903496 8972 16 4]
 [0.07791502234060872 7295 29 2]
 [0.01632596643348426 8665 29 3]
 [0.014911451567958 5062 16 4]
 [0.013348722543211362 8972 24 2]
 [0.013348722543211362 781 24 2]]
Parameters of the best solution (0) : [0.013348722543211362 8972 16 3]
Fitness    = 1195390.6335992364
Change     = 0.0
Loss of best pinn :  8.265466249213205e-07
Generation = 28**************************************************
[[0.014911451567958 5062 16 4]
 [0.014911451567958 8972 16 3]
 [0.00748787809846861 8972 16 3]
 [0.013348722543211362 8972 5 4]
 [0.0029722504653903496 8972 16 2]
 [0.03079684575323985 8972 19 4]
 [0.013348722543211362 8972 24 3]
 [0.013348722543211362 5240 24 2]
 [0.013348722543211362 5696 16 4]
 [0.0029722504653903496 2851 16 3]
 [0.013348722543211362 6503 16 4]
 [0.014911451567958 5062 7 3]
 [0.05096697438426273 8972 16 3]
 [0.013348722543211362 5908 16 4]
 [0.0029722504653903496 7295 29 4]
 [0.014911451567958 8974 19 4]
 [0.014911451567958 8972 19 2]
 [0.013348722543211362 8972 5 2]
 [0.013348722543211362 5696 14 4]
 [0.01975450562247639 2851 16 3]]
Parameters of the best solution (15) : [0.014911451567958 8974 19 4]
Fitness    = 308068.9587944758
Change     = -887321.6748047606
Loss of best pinn :  3.2360264867747905e-06
Generation = 29**************************************************
[[0.014911451567958 5062 16 4]
 [0.08886274651457997 5062 16 3]
 [0.0709929896157706 5908 16 4]
 [0.013348722543211362 6503 23 4]
 [0.014911451567958 8972 16 4]
 [0.00748787809846861 6189 16 3]
 [0.00748787809846861 5696 16 1]
 [0.013348722543211362 5696 14 3]
 [0.014911451567958 1808 19 2]
 [0.0029722504653903496 8972 16 1]
 [0.014911451567958 319 16 4]
 [0.04464080561057116 8972 24 3]
 [0.01136103645962075 8972 24 4]
 [0.013348722543211362 83 16 4]
 [0.06120008652326056 8972 16 3]
 [0.014911451567958 8972 29 3]
 [0.013348722543211362 5932 16 4]
 [0.013348722543211362 5979 16 4]
 [0.013348722543211362 8972 6 2]
 [0.09454865498036136 8972 19 2]]
Parameters of the best solution (0) : [0.014911451567958 5062 16 4]
Fitness    = 11257861.678957485
Change     = 11101081.189068057
Loss of best pinn :  7.882681529736146e-08
Generation = 30**************************************************
[[0.014911451567958 5062 16 4]
 [0.014911451567958 8972 21 4]
 [0.01136103645962075 8972 3 3]
 [0.00748787809846861 8972 29 2]
 [0.014911451567958 5937 16 4]
 [0.022960959025033027 8972 16 4]
 [0.07713324449372837 8972 23 4]
 [0.00870773855714827 6503 23 4]
 [0.08390779966625438 5932 19 2]
 [0.014911451567958 8972 6 3]
 [0.013348722543211362 5062 16 3]
 [0.06953300899438761 8972 24 4]
 [0.01136103645962075 3244 16 3]
 [0.00748787809846861 7454 29 3]
 [0.08500326011261675 5979 16 4]
 [0.013348722543211362 8972 16 1]
 [0.08560491666728474 8972 16 4]
 [0.013348722543211362 5932 22 4]
 [0.013348722543211362 8505 16 2]
 [0.013348722543211362 8972 11 2]]
Parameters of the best solution (0) : [0.014911451567958 5062 16 4]
Fitness    = 11257861.678957485
Change     = 0.0
Loss of best pinn :  7.882681529736146e-08
Total result************************************************************
time:  24791.526842832565
Parameters of the best solution (0) : [0.014911451567958 5062 16 4]
Fitness value of the best solution = 11257861.678957485
Loss of pinn :  7.882681529736146e-08
Best fitness value reached after 27 generations.
