learning with cuda 

/home/rws/miniconda3/envs/torch/lib/python3.9/site-packages/pygad/pygad.py:486: UserWarning: The percentage of genes to mutate (mutation_percent_genes=10) resutled in selecting (0) genes. The number of genes to mutate is set to 1 (mutation_num_genes=1).
If you do not want to mutate any gene, please set mutation_type=None.
  if not self.suppress_warnings: warnings.warn("The percentage of genes to mutate (mutation_percent_genes={mutation_percent}) resutled in selecting ({mutation_num}) genes. The number of genes to mutate is set to 1 (mutation_num_genes=1).\nIf you do not want to mutate any gene, please set mutation_type=None.".format(mutation_percent=mutation_percent_genes, mutation_num=mutation_num_genes))
Generation = 1**************************************************
[[0.009670099107438972 6016 19 4]
 [0.009670099107438972 6497 1 13]
 [0.0052764739223719785 6207 14 2]
 [0.0052764739223719785 6207 10 12]
 [0.003884086825905536 3387 17 6]
 [0.08969191660211626 3387 17 4]
 [0.06296194641624044 8573 13 4]
 [0.015204663447502043 1106 2 11]
 [0.020738798316214856 3537 12 6]
 [0.020738798316214856 3537 6 12]
 [0.08476542086954007 270 15 4]
 [0.009670099107438972 6497 2 13]
 [0.0025458909281407868 6207 14 14]
 [0.0052764739223719785 5685 10 19]
 [0.03180027949510129 3387 9 5]
 [0.03180027949510129 3387 10 4]
 [0.06296194641624044 868 13 10]
 [0.015204663447502043 5718 2 11]
 [0.020738798316214856 3537 12 2]
 [0.05277808962374479 3537 19 12]]
Parameters of the best solution (12) : [0.0025458909281407868 6207 14 14]
Fitness    = 8650.728456962417
Change     = 8650.728456962417
Loss of best pinn :  0.00011558720143511893
Generation = 2**************************************************
[[0.009670099107438972 6016 19 4]
 [0.0052764739223719785 6207 5 2]
 [0.0052764739223719785 6207 14 5]
 [0.0025458909281407868 5042 14 14]
 [0.0025458909281407868 3537 12 15]
 [0.03180027949510129 195 9 5]
 [0.03180027949510129 3387 10 16]
 [0.0052764739223719785 6186 12 2]
 [0.07080633625118883 3387 10 4]
 [0.03180027949510129 5718 2 1]
 [0.009670099107438972 6016 18 4]
 [0.009670099107438972 6016 1 2]
 [0.0052764739223719785 3387 7 6]
 [0.0025458909281407868 1563 14 14]
 [0.0025458909281407868 6207 14 9]
 [0.020738798316214856 1130 9 5]
 [0.03180027949510129 474 10 12]
 [0.0052764739223719785 6207 16 2]
 [0.020738798316214856 3537 12 17]
 [0.02873280645555602 3387 10 11]]
Parameters of the best solution (3) : [0.0025458909281407868 5042 14 14]
Fitness    = 82941.7399184019
Change     = 60321.66639754643
Loss of best pinn :  1.2046655683661811e-05
Generation = 3**************************************************
[[0.0052764739223719785 6207 14 5]
 [0.0052764739223719785 6207 14 10]
 [0.009670099107438972 6016 18 1]
 [0.0052764739223719785 5065 16 2]
 [0.010029711516824665 6207 16 15]
 [0.09122044534532635 3537 12 9]
 [0.04986391734347979 6207 14 6]
 [0.02169338419776623 1130 9 5]
 [0.06912247946373992 5042 14 14]
 [0.0025458909281407868 6207 12 2]
 [0.0052764739223719785 6207 3 5]
 [0.0052764739223719785 3912 14 4]
 [0.009670099107438972 326 18 4]
 [0.05211623428989386 6207 16 2]
 [0.0052764739223719785 6207 1 15]
 [0.0025458909281407868 6207 13 9]
 [0.0025458909281407868 6207 14 10]
 [0.0052764739223719785 1130 2 5]
 [0.020738798316214856 1130 2 14]
 [0.0052764739223719785 470 5 2]]
Parameters of the best solution (16) : [0.0025458909281407868 6207 14 10]
Fitness    = 12881.960305003102
Change     = -28229.289636739784
Loss of best pinn :  7.761793676763773e-05
Generation = 4**************************************************
[[0.0025458909281407868 6207 13 9]
 [0.0052764739223719785 1141 14 4]
 [0.0052764739223719785 6207 7 5]
 [0.0025458909281407868 6207 13 2]
 [0.0025458909281407868 8758 12 10]
 [0.0052764739223719785 6207 17 10]
 [0.0025458909281407868 6207 6 2]
 [0.05211623428989386 6207 16 1]
 [0.01740477264190618 6016 18 1]
 [0.009670099107438972 6016 8 5]
 [0.0052764739223719785 6207 3 9]
 [0.0025458909281407868 4074 13 4]
 [0.06231091017738638 3912 14 5]
 [0.0052764739223719785 3594 12 2]
 [0.0025458909281407868 6207 2 10]
 [0.0023661744212519664 6207 14 10]
 [0.05211623428989386 6207 15 2]
 [0.09421006040642804 5065 16 2]
 [0.009670099107438972 6016 3 1]
 [0.009670099107438972 143 3 5]]
Parameters of the best solution (0) : [0.0025458909281407868 6207 13 9]
Fitness    = 24968.161669732144
Change     = 11329.36740243433
Loss of best pinn :  4.0041006286628544e-05
Generation = 5**************************************************
[[0.0025458909281407868 6207 13 9]
 [0.0025458909281407868 6207 17 5]
 [0.034967338238098666 6207 7 10]
 [0.07516878572582265 6207 14 10]
 [0.08312967440130072 6207 14 10]
 [0.0025458909281407868 6207 13 5]
 [0.0025458909281407868 6207 5 2]
 [0.0052764739223719785 6655 16 2]
 [0.03868501705912498 6016 8 5]
 [0.009670099107438972 6016 2 9]
 [0.04522211444554281 6207 3 9]
 [0.0052764739223719785 6207 7 15]
 [0.07559136021369517 6207 7 10]
 [0.0025458909281407868 8758 12 15]
 [0.07880669756481196 6207 14 10]
 [0.09707458272855052 6207 13 2]
 [0.08148349499169459 3594 12 2]
 [0.05164511260683168 5065 16 2]
 [0.09421006040642804 5065 16 1]
 [0.04682358951543737 6016 8 9]]
Parameters of the best solution (1) : [0.0025458909281407868 6207 17 5]
Fitness    = 179077.1244138524
Change     = 154108.96274412028
Loss of best pinn :  5.574186161538819e-06
Generation = 6**************************************************
[[0.0025458909281407868 6207 13 9]
 [0.0025458909281407868 3077 12 15]
 [0.0025458909281407868 6207 13 12]
 [0.04844316616791239 6207 17 5]
 [0.0025458909281407868 6655 16 15]
 [0.0052764739223719785 6655 8 5]
 [0.03868501705912498 6016 5 9]
 [0.0025458909281407868 7454 12 2]
 [0.025387251794097735 3594 16 2]
 [0.05164511260683168 5065 1 1]
 [0.09421006040642804 2176 13 9]
 [0.0025458909281407868 8758 5 15]
 [0.0025458909281407868 8758 12 4]
 [0.0025458909281407868 6207 13 6]
 [0.0052764739223719785 6655 16 11]
 [0.09008083957470475 6016 8 5]
 [0.03868501705912498 6207 14 2]
 [0.024383844549046716 3594 12 2]
 [0.05164511260683168 5065 16 17]
 [0.05164511260683168 5065 16 14]]
Parameters of the best solution (0) : [0.0025458909281407868 6207 13 9]
Fitness    = 91911.6985836982
Change     = 0.0
Loss of best pinn :  1.0870007827179506e-05
Generation = 7**************************************************
[[0.0025458909281407868 6207 13 9]
 [0.0025458909281407868 8469 12 4]
 [0.07953830556174073 6207 13 6]
 [0.0025458909281407868 6655 15 11]
 [0.06163080846967543 6655 8 5]
 [0.0052764739223719785 2552 8 12]
 [0.0025458909281407868 7454 12 1]
 [0.0025458909281407868 7186 12 2]
 [0.024383844549046716 7843 16 15]
 [0.0025458909281407868 6665 12 15]
 [0.04207691079629887 6207 13 9]
 [0.0025458909281407868 6207 7 4]
 [0.0733830958737583 8758 13 6]
 [0.0025458909281407868 5177 16 11]
 [0.0052764739223719785 6472 16 5]
 [0.0025458909281407868 3499 13 12]
 [0.03892919600861659 7454 12 2]
 [0.0358954660356233 7454 12 2]
 [0.024383844549046716 7146 16 15]
 [0.0025458909281407868 6655 12 10]]
Parameters of the best solution (0) : [0.0025458909281407868 6207 13 9]
Fitness    = 91911.6985836982
Change     = -49486.98146931619
Loss of best pinn :  1.0870007827179506e-05
Generation = 8**************************************************
[[0.0025458909281407868 6207 13 9]
 [0.02523055590448008 6472 16 5]
 [0.0052764739223719785 6472 17 4]
 [0.0025458909281407868 8469 17 4]
 [0.0025458909281407868 543 12 2]
 [0.0025458909281407868 7784 15 11]
 [0.0025458909281407868 5177 16 14]
 [0.006893963128963443 5177 12 15]
 [0.0946133557129879 6665 12 10]
 [0.03982652262067063 6655 8 12]
 [0.0025458909281407868 6207 13 9]
 [0.020478046837615792 6207 16 5]
 [0.0052764739223719785 1669 7 4]
 [0.0025458909281407868 6207 12 4]
 [0.0624472496122893 7186 12 2]
 [0.0025458909281407868 7186 10 11]
 [0.0025458909281407868 3581 16 11]
 [0.0025458909281407868 1005 12 15]
 [0.0025458909281407868 6665 15 10]
 [0.019676975351806802 6655 8 12]]
Parameters of the best solution (3) : [0.0025458909281407868 8469 17 4]
Fitness    = 140315.96364181535
Change     = 48404.26505811715
Loss of best pinn :  7.116772849258268e-06
Generation = 9**************************************************
[[0.0025458909281407868 6207 13 9]
 [0.0025458909281407868 6207 5 9]
 [0.0025458909281407868 7784 15 19]
 [0.020484518442122304 7784 10 11]
 [0.0025458909281407868 7186 9 4]
 [0.0052764739223719785 6472 12 15]
 [0.0025458909281407868 6665 15 18]
 [0.0025458909281407868 3581 16 17]
 [0.03803401328853272 8469 17 4]
 [0.0025458909281407868 8469 17 10]
 [0.030789934695852627 5177 16 9]
 [0.0025458909281407868 909 13 9]
 [0.0025458909281407868 7013 13 11]
 [0.0025458909281407868 7784 10 2]
 [0.0025458909281407868 3824 17 4]
 [0.08151528933423569 6472 17 4]
 [0.06324344297834238 6207 12 10]
 [0.0025458909281407868 3581 9 11]
 [0.006271189532586928 8469 17 4]
 [0.05811991112183869 8469 17 14]]
Parameters of the best solution (9) : [0.0025458909281407868 8469 17 10]
Fitness    = 38212.69169032406
Change     = -139672.57766256778
Loss of best pinn :  2.6159315893892202e-05
Generation = 10**************************************************
[[0.0025458909281407868 6207 13 9]
 [0.027808658669936884 8469 17 10]
 [0.054005674291405216 8469 13 11]
 [0.0025458909281407868 8453 13 4]
 [0.057582083395757835 8469 17 4]
 [0.0025458909281407868 3581 9 11]
 [0.0025458909281407868 6207 18 9]
 [0.0025458909281407868 6665 15 6]
 [0.0025458909281407868 7326 16 17]
 [0.0025458909281407868 3581 7 19]
 [0.0025458909281407868 6457 13 9]
 [0.09175289358468947 6207 17 10]
 [0.0025458909281407868 7716 13 11]
 [0.006271189532586928 8469 17 1]
 [0.006271189532586928 8469 8 4]
 [0.0025458909281407868 3824 9 15]
 [0.0025458909281407868 3581 9 8]
 [0.0025458909281407868 6207 15 18]
 [0.0025458909281407868 6665 13 17]
 [0.0025458909281407868 7784 3 19]]
Parameters of the best solution (0) : [0.0025458909281407868 6207 13 9]
Fitness    = 91911.6985836982
Change     = 58720.11028120929
Loss of best pinn :  1.0870007827179506e-05
Generation = 11**************************************************
[[0.0025458909281407868 6207 13 9]
 [0.011619519185986128 6207 13 17]
 [0.006271189532586928 8469 8 13]
 [0.006271189532586928 8139 18 9]
 [0.0025458909281407868 3581 8 11]
 [0.0025458909281407868 3581 10 9]
 [0.0025458909281407868 6662 15 18]
 [0.09191742179869788 6207 13 17]
 [0.0025458909281407868 6665 1 15]
 [0.0025458909281407868 5090 13 4]
 [0.0025458909281407868 8453 13 6]
 [0.01814617273229964 7326 16 17]
 [0.08839180119769247 7326 16 4]
 [0.044752554597922455 8469 8 9]
 [0.0025458909281407868 1894 9 11]
 [0.0025458909281407868 3581 15 9]
 [0.0025458909281407868 6207 15 4]
 [0.0025458909281407868 6207 13 4]
 [0.0025458909281407868 3824 1 15]
 [0.0025458909281407868 8930 9 4]]
Parameters of the best solution (0) : [0.0025458909281407868 6207 13 9]
Fitness    = 91911.6985836982
Change     = 0.0
Loss of best pinn :  1.0870007827179506e-05
Generation = 12**************************************************
[[0.0025458909281407868 6207 13 9]
 [0.0025458909281407868 6207 11 4]
 [0.0025458909281407868 6207 3 6]
 [0.0025458909281407868 8453 13 5]
 [0.0025458909281407868 3581 16 4]
 [0.0025458909281407868 6207 2 4]
 [0.0025458909281407868 3581 17 9]
 [0.022588844477287907 3581 10 11]
 [0.0025458909281407868 8469 15 13]
 [0.06906178628214515 6662 15 18]
 [0.0025458909281407868 6662 13 9]
 [0.0025458909281407868 6207 19 4]
 [0.004028945970714073 8453 13 6]
 [0.0025458909281407868 6784 15 9]
 [0.004727301073776213 3581 15 4]
 [0.0025458909281407868 6207 13 14]
 [0.0025458909281407868 3581 10 2]
 [0.0025458909281407868 3581 8 16]
 [0.0025458909281407868 3581 19 13]
 [0.016450492544357653 8469 15 18]]
Parameters of the best solution (0) : [0.0025458909281407868 6207 13 9]
Fitness    = 91911.6985836982
Change     = -74153.0846457269
Loss of best pinn :  1.0870007827179506e-05
Generation = 13**************************************************
[[0.0025458909281407868 8469 15 13]
 [0.0025458909281407868 6207 1 9]
 [0.0025458909281407868 6207 13 16]
 [0.07518183651509305 8453 13 5]
 [0.09144162215159164 6207 11 4]
 [0.0025458909281407868 6207 15 9]
 [0.0025458909281407868 3581 15 4]
 [0.0025458909281407868 6662 13 5]
 [0.06960067231646813 6662 17 9]
 [0.0025458909281407868 7543 19 4]
 [0.008415366436804494 8469 15 13]
 [0.044293724813892515 8469 15 9]
 [0.0025458909281407868 5102 13 6]
 [0.08525029600403167 8453 13 5]
 [0.0025458909281407868 8992 11 4]
 [0.0025458909281407868 7575 15 9]
 [0.0025458909281407868 6784 15 8]
 [0.0025458909281407868 6662 19 9]
 [0.0025458909281407868 3581 9 9]
 [0.07839705101080162 3581 17 4]]
Parameters of the best solution (15) : [0.0025458909281407868 7575 15 9]
Fitness    = 275258.89165579126
Change     = 5616.371717274538
Loss of best pinn :  3.622943495429354e-06
Generation = 14**************************************************
[[0.0025458909281407868 8469 15 13]
 [0.0025458909281407868 8469 19 16]
 [0.0025458909281407868 6662 13 18]
 [0.0025458909281407868 7575 17 9]
 [0.0025458909281407868 3581 1 4]
 [0.07288142707964132 3581 19 9]
 [0.038507801913541126 8992 11 4]
 [0.0025458909281407868 8992 11 5]
 [0.0025458909281407868 2890 9 9]
 [0.0025458909281407868 3581 9 15]
 [0.0025458909281407868 5296 15 13]
 [0.0025458909281407868 7543 19 1]
 [0.0025458909281407868 6662 13 13]
 [0.07660421629238151 6662 13 9]
 [0.0025458909281407868 3581 15 3]
 [0.0025458909281407868 6662 10 9]
 [0.0025458909281407868 6662 11 6]
 [0.0025458909281407868 3689 15 8]
 [0.025760065020310113 3581 9 9]
 [0.07230880270459045 3581 9 6]]
Parameters of the best solution (0) : [0.0025458909281407868 8469 15 13]
Fitness    = 101017.0333434425
Change     = 69543.44930222373
Loss of best pinn :  9.889320608635899e-06
Generation = 15**************************************************
[[0.0025458909281407868 8469 15 13]
 [0.0025458909281407868 7588 15 9]
 [0.0025458909281407868 5316 11 5]
 [0.0025458909281407868 7109 11 3]
 [0.013674706077561783 6662 11 6]
 [0.0025458909281407868 2952 13 13]
 [0.006611692880244799 8992 11 4]
 [0.038507801913541126 4028 15 13]
 [0.08226450799765019 5296 15 8]
 [0.0025458909281407868 3689 15 9]
 [0.07809438434739577 8469 15 13]
 [0.038130106001793326 8469 15 9]
 [0.0025458909281407868 5867 11 5]
 [0.0025458909281407868 1131 15 3]
 [0.0025458909281407868 3581 11 9]
 [0.0025458909281407868 6662 4 13]
 [0.0025458909281407868 6662 11 2]
 [0.0025458909281407868 5296 15 13]
 [0.0025458909281407868 5296 15 4]
 [0.0025458909281407868 3689 15 16]]
Parameters of the best solution (0) : [0.0025458909281407868 8469 15 13]
Fitness    = 101017.0333434425
Change     = -46728.955163052466
Loss of best pinn :  9.889320608635899e-06
Generation = 16**************************************************
[[0.006611692880244799 8992 11 4]
 [0.006611692880244799 2453 15 13]
 [0.0025458909281407868 8469 13 6]
 [0.027067021253264135 6662 11 3]
 [0.09577948996603326 7109 11 9]
 [0.0025458909281407868 7588 16 2]
 [0.0025458909281407868 6662 16 5]
 [0.0025458909281407868 6862 15 13]
 [0.0025458909281407868 3561 15 4]
 [0.0025458909281407868 5296 15 1]
 [0.09735693601751891 8992 11 4]
 [0.048539171815332106 8469 15 13]
 [0.0025458909281407868 8469 19 6]
 [0.013674706077561783 7109 11 10]
 [0.0025458909281407868 7588 1 9]
 [0.0025458909281407868 7660 11 2]
 [0.014521517446551066 6662 11 5]
 [0.0025458909281407868 5867 11 2]
 [0.0025458909281407868 5296 11 4]
 [0.07953384810988802 5296 15 16]]
Parameters of the best solution (13) : [0.013674706077561783 7109 11 10]
Fitness    = 59656.59222463158
Change     = -290198.3164379981
Loss of best pinn :  1.675260682532098e-05
Generation = 17**************************************************
[[0.006611692880244799 8992 11 4]
 [0.012227359739968455 8992 11 2]
 [0.03256233559039929 7660 19 6]
 [0.0025458909281407868 8469 11 2]
 [0.05738545448194663 6662 11 5]
 [0.0025458909281407868 6662 16 19]
 [0.0025458909281407868 7588 11 2]
 [0.0025458909281407868 5296 2 10]
 [0.013674706077561783 1744 11 13]
 [0.0025458909281407868 6862 18 5]
 [0.014521517446551066 8992 11 16]
 [0.006611692880244799 8992 11 7]
 [0.0025458909281407868 8469 19 6]
 [0.0025458909281407868 6662 11 16]
 [0.07250139146697378 6662 16 5]
 [0.0025458909281407868 6662 14 2]
 [0.05795993826726204 5296 11 4]
 [0.0025458909281407868 8098 11 10]
 [0.05859837691035464 7109 11 13]
 [0.0025458909281407868 7023 11 5]]
Parameters of the best solution (0) : [0.006611692880244799 8992 11 4]
Fitness    = 295164.0038084992
Change     = 260306.61645150417
Loss of best pinn :  3.3779469958972186e-06
Generation = 18**************************************************
[[0.006611692880244799 8992 11 4]
 [0.0025458909281407868 6862 18 18]
 [0.0025458909281407868 3282 19 6]
 [0.05430874075084315 7023 11 5]
 [0.0953393486233122 7023 11 10]
 [0.0025458909281407868 8098 11 3]
 [0.006611692880244799 7801 11 2]
 [0.012227359739968455 6662 16 2]
 [0.0025458909281407868 8469 11 15]
 [0.0315313336337022 8469 11 2]
 [0.0025458909281407868 5093 11 4]
 [0.018760177905448226 8992 18 5]
 [0.09711558990349588 8469 19 6]
 [0.0025458909281407868 5340 11 5]
 [0.08507918553861137 7023 11 10]
 [0.006611692880244799 8992 12 7]
 [0.006611692880244799 8167 11 2]
 [0.012227359739968455 8992 14 2]
 [0.0025458909281407868 8692 11 2]
 [0.0025458909281407868 8469 17 2]]
Parameters of the best solution (0) : [0.006611692880244799 8992 11 4]
Fitness    = 295164.0038084992
Change     = 0.0
Loss of best pinn :  3.3779469958972186e-06
Generation = 19**************************************************
[[0.006611692880244799 8992 11 4]
 [0.006611692880244799 3577 11 7]
 [0.006611692880244799 8992 14 11]
 [0.0025458909281407868 8098 11 11]
 [0.04156342517636731 8098 19 6]
 [0.0025458909281407868 3282 16 11]
 [0.03275195320399199 6662 16 5]
 [0.0025458909281407868 3068 11 2]
 [0.0025458909281407868 4971 11 15]
 [0.0025458909281407868 8469 11 3]
 [0.09994812934185832 8992 11 4]
 [0.006611692880244799 8992 16 7]
 [0.006611692880244799 6568 14 2]
 [0.0025458909281407868 8098 16 3]
 [0.0025458909281407868 3282 19 14]
 [0.012227359739968455 6662 1 2]
 [0.012227359739968455 6662 11 16]
 [0.0025458909281407868 1626 11 2]
 [0.053772556329456836 8469 11 15]
 [0.03952565016350314 7801 11 2]]
Parameters of the best solution (0) : [0.006611692880244799 8992 11 4]
Fitness    = 295164.0038084992
Change     = 0.0
Loss of best pinn :  3.3779469958972186e-06
Generation = 20**************************************************
[[0.006611692880244799 8992 11 4]
 [0.006611692880244799 5855 16 3]
 [0.006611692880244799 3577 17 7]
 [0.006611692880244799 8098 11 17]
 [0.0025458909281407868 8098 4 7]
 [0.006611692880244799 3282 19 19]
 [0.0025458909281407868 6568 19 2]
 [0.006611692880244799 7722 14 11]
 [0.03952565016350314 7801 6 2]
 [0.03952565016350314 6346 11 3]
 [0.0025458909281407868 3037 11 4]
 [0.006611692880244799 8992 16 8]
 [0.006611692880244799 3577 10 7]
 [0.08205409637565586 8098 11 11]
 [0.006611692880244799 8992 16 18]
 [0.0025458909281407868 3282 19 6]
 [0.006611692880244799 6568 1 2]
 [0.016388574960318668 6568 14 11]
 [0.0807592869009821 7801 11 2]
 [0.0025458909281407868 5705 11 3]]
Parameters of the best solution (0) : [0.006611692880244799 8992 11 4]
Fitness    = 295164.0038084992
Change     = 0.0
Loss of best pinn :  3.3779469958972186e-06
Generation = 21**************************************************
[[0.006611692880244799 8992 11 4]
 [0.08689726782802923 6568 19 2]
 [0.06353712796343926 6568 19 3]
 [0.006611692880244799 5855 2 8]
 [0.006611692880244799 8992 17 7]
 [0.006611692880244799 6715 19 6]
 [0.008060180880160918 3577 10 7]
 [0.006611692880244799 4792 6 2]
 [0.03952565016350314 7722 14 1]
 [0.06656371499020959 7722 11 4]
 [0.006611692880244799 8992 11 6]
 [0.006611692880244799 6568 19 12]
 [0.0025458909281407868 6568 9 3]
 [0.006611692880244799 2110 16 8]
 [0.08690967886180094 8992 16 7]
 [0.006611692880244799 3577 9 6]
 [0.0058948281431776845 3282 10 7]
 [0.006611692880244799 1312 6 2]
 [0.03952565016350314 7801 6 18]
 [0.006611692880244799 3037 8 4]]
Parameters of the best solution (0) : [0.006611692880244799 8992 11 4]
Fitness    = 295164.0038084992
Change     = 0.0
Loss of best pinn :  3.3779469958972186e-06
Generation = 22**************************************************
[[0.006611692880244799 8992 11 4]
 [0.044961460881946975 8992 9 3]
 [0.0025458909281407868 8992 11 4]
 [0.006611692880244799 3386 17 7]
 [0.006611692880244799 6025 9 6]
 [0.006611692880244799 3577 17 7]
 [0.0058948281431776845 5009 10 7]
 [0.0058948281431776845 3282 10 4]
 [0.006611692880244799 2110 16 3]
 [0.021564910399449976 2110 16 6]
 [0.006611692880244799 6715 11 8]
 [0.0025458909281407868 6568 3 3]
 [0.0036847437660576994 6568 11 6]
 [0.006611692880244799 4596 17 7]
 [0.03232700962809097 3577 9 6]
 [0.006611692880244799 3577 10 7]
 [0.03095848823307632 3282 10 7]
 [0.006611692880244799 3826 8 4]
 [0.042915738208149035 2110 16 8]
 [0.006611692880244799 6715 19 1]]
Parameters of the best solution (0) : [0.006611692880244799 8992 11 4]
Fitness    = 295164.0038084992
Change     = 0.0
Loss of best pinn :  3.3779469958972186e-06
Generation = 23**************************************************
[[0.006611692880244799 8992 11 4]
 [0.006611692880244799 8398 10 4]
 [0.0058948281431776845 3282 12 7]
 [0.006611692880244799 8360 10 7]
 [0.0036847437660576994 6568 11 11]
 [0.023630349476391064 4596 17 7]
 [0.006611692880244799 4596 3 4]
 [0.006611692880244799 3826 9 7]
 [0.0058948281431776845 6025 9 13]
 [0.006611692880244799 1431 9 6]
 [0.03232700962809097 3577 18 4]
 [0.028507209448522853 3282 10 4]
 [0.0058948281431776845 3386 2 7]
 [0.006611692880244799 3577 2 7]
 [0.0036847437660576994 6568 4 6]
 [0.0036847437660576994 6568 11 18]
 [0.006611692880244799 2883 17 4]
 [0.006611692880244799 2730 10 7]
 [0.0058948281431776845 1867 10 6]
 [0.006611692880244799 6025 14 6]]
Parameters of the best solution (0) : [0.006611692880244799 8992 11 4]
Fitness    = 295164.0038084992
Change     = 0.0
Loss of best pinn :  3.3779469958972186e-06
Generation = 24**************************************************
[[0.006611692880244799 8992 11 4]
 [0.036291082894365806 8992 11 7]
 [0.006611692880244799 5999 10 7]
 [0.006611692880244799 8398 15 4]
 [0.006611692880244799 1431 9 6]
 [0.006611692880244799 3242 9 6]
 [0.006611692880244799 1083 17 4]
 [0.006611692880244799 3811 10 6]
 [0.0777338816796405 1867 12 7]
 [0.0036847437660576994 6568 7 18]
 [0.0036847437660576994 8992 1 4]
 [0.06519960825431345 8360 10 7]
 [0.019479574731400932 2730 10 7]
 [0.006611692880244799 8398 10 6]
 [0.006611692880244799 8398 16 6]
 [0.006611692880244799 6025 11 6]
 [0.031093496904477148 6025 17 4]
 [0.006611692880244799 2883 17 6]
 [0.011317842082278382 1867 10 7]
 [0.0058948281431776845 6568 3 18]]
Parameters of the best solution (0) : [0.006611692880244799 8992 11 4]
Fitness    = 295164.0038084992
Change     = 0.0
Loss of best pinn :  3.3779469958972186e-06
Generation = 25**************************************************
[[0.006611692880244799 8992 11 4]
 [0.006611692880244799 1230 15 4]
 [0.006611692880244799 8398 10 12]
 [0.006611692880244799 8967 11 6]
 [0.006611692880244799 1279 16 6]
 [0.006611692880244799 8398 16 6]
 [0.006611692880244799 3242 10 6]
 [0.006611692880244799 1431 12 6]
 [0.037017191087666 5999 10 7]
 [0.04969134743652323 5999 10 6]
 [0.006611692880244799 7768 11 4]
 [0.07547282307356044 8992 11 4]
 [0.006611692880244799 2224 15 6]
 [0.006611692880244799 6025 17 6]
 [0.006611692880244799 6025 16 4]
 [0.009766997157771119 2883 17 6]
 [0.08579745361246366 2883 17 6]
 [0.006611692880244799 4349 9 6]
 [0.092993747743186 1431 10 7]
 [0.0055097689822213225 5999 10 6]]
Parameters of the best solution (10) : [0.006611692880244799 7768 11 4]
Fitness    = 323071.5035235121
Change     = 27907.499715012906
Loss of best pinn :  3.085290018134401e-06
Generation = 26**************************************************
[[0.006611692880244799 8992 11 4]
 [0.006611692880244799 7768 16 4]
 [0.09372551954654809 7768 11 6]
 [0.006611692880244799 4349 9 3]
 [0.006611692880244799 7208 16 6]
 [0.006611692880244799 8963 11 6]
 [0.006611692880244799 8967 16 12]
 [0.009766997157771119 953 17 6]
 [0.006611692880244799 2224 15 6]
 [0.012213813800375317 2224 10 12]
 [0.09781553170274049 8398 11 4]
 [0.018558824557439756 7768 11 4]
 [0.006611692880244799 7768 11 13]
 [0.006611692880244799 5206 16 4]
 [0.0867165108587579 6025 17 6]
 [0.006611692880244799 1228 11 6]
 [0.006611692880244799 305 16 6]
 [0.047612504040219855 8398 17 6]
 [0.009766997157771119 2081 15 6]
 [0.006611692880244799 2224 15 16]]
Parameters of the best solution (0) : [0.006611692880244799 8992 11 4]
Fitness    = 295164.0038084992
Change     = 0.0
Loss of best pinn :  3.3779469958972186e-06
Generation = 27**************************************************
[[0.006611692880244799 8992 11 4]
 [0.006611692880244799 8992 11 16]
 [0.006611692880244799 7208 5 6]
 [0.044658896604385934 2081 16 12]
 [0.006611692880244799 8967 16 15]
 [0.006611692880244799 5206 16 12]
 [0.006611692880244799 8963 3 4]
 [0.018558824557439756 8081 15 6]
 [0.006611692880244799 8580 11 13]
 [0.006611692880244799 7768 7 4]
 [0.09680539747676209 8992 11 4]
 [0.006611692880244799 7208 16 17]
 [0.006611692880244799 5852 16 6]
 [0.09947898522852924 8967 16 12]
 [0.064233207157306 5206 16 4]
 [0.006611692880244799 5206 11 2]
 [0.023306246111548592 7768 11 4]
 [0.018558824557439756 7768 4 6]
 [0.006611692880244799 2224 11 3]
 [0.006611692880244799 7768 11 2]]
Parameters of the best solution (0) : [0.006611692880244799 8992 11 4]
Fitness    = 295164.0038084992
Change     = 0.0
Loss of best pinn :  3.3779469958972186e-06
Generation = 28**************************************************
[[0.006611692880244799 8992 11 4]
 [0.006611692880244799 8992 11 2]
 [0.006611692880244799 5852 16 12]
 [0.006611692880244799 7768 7 3]
 [0.08900505064946226 7768 11 2]
 [0.07009928601755404 5206 16 12]
 [0.006611692880244799 1811 16 6]
 [0.006611692880244799 5206 10 2]
 [0.006611692880244799 8580 6 13]
 [0.006611692880244799 2552 11 4]
 [0.04357756469050782 7768 11 4]
 [0.006611692880244799 8992 11 5]
 [0.006611692880244799 8992 18 6]
 [0.006611692880244799 7768 7 15]
 [0.006611692880244799 7623 7 2]
 [0.006611692880244799 7768 15 12]
 [0.006611692880244799 5206 16 2]
 [0.09444423011749004 7208 11 2]
 [0.006611692880244799 5206 11 13]
 [0.006611692880244799 7768 11 15]]
Parameters of the best solution (0) : [0.006611692880244799 8992 11 4]
Fitness    = 295164.0038084992
Change     = 0.0
Loss of best pinn :  3.3779469958972186e-06
Generation = 29**************************************************
[[0.006611692880244799 8992 11 4]
 [0.006611692880244799 8992 15 5]
 [0.006611692880244799 6852 18 6]
 [0.006611692880244799 3864 18 15]
 [0.020583039320630447 7768 11 12]
 [0.006611692880244799 5206 15 2]
 [0.006611692880244799 7623 10 2]
 [0.07821533375581123 5206 10 2]
 [0.006611692880244799 8617 6 13]
 [0.03528093575794571 8580 6 4]
 [0.04357756469050782 6274 11 4]
 [0.006611692880244799 1053 11 5]
 [0.07744627299187207 8992 18 6]
 [0.006611692880244799 8992 6 15]
 [0.006611692880244799 5852 14 12]
 [0.006611692880244799 1549 16 2]
 [0.006611692880244799 6567 7 2]
 [0.062093920266774974 7623 10 2]
 [0.006611692880244799 7381 10 13]
 [0.07310130013572344 8580 11 4]]
Parameters of the best solution (0) : [0.006611692880244799 8992 11 4]
Fitness    = 295164.0038084992
Change     = -184230.61459470523
Loss of best pinn :  3.3779469958972186e-06
Generation = 30**************************************************
[[0.006611692880244799 8992 11 4]
 [0.006611692880244799 8992 11 15]
 [0.006611692880244799 87 10 2]
 [0.006611692880244799 6386 6 4]
 [0.05388871823663683 8580 6 13]
 [0.006611692880244799 8992 6 12]
 [0.07899408663586358 8992 18 6]
 [0.03635428404403318 5206 10 2]
 [0.020996425890527148 1053 11 5]
 [0.006611692880244799 7381 10 17]
 [0.02481351061121185 8992 11 4]
 [0.006611692880244799 8992 15 2]
 [0.006611692880244799 7623 8 2]
 [0.006611692880244799 8580 6 8]
 [0.03528093575794571 8580 6 10]
 [0.006611692880244799 8617 6 15]
 [0.006611692880244799 7233 18 6]
 [0.006611692880244799 6852 10 2]
 [0.07514017458236065 1053 11 5]
 [0.006611692880244799 7381 10 18]]
Parameters of the best solution (0) : [0.006611692880244799 8992 11 4]
Fitness    = 295164.0038084992
Change     = 0.0
Loss of best pinn :  3.3779469958972186e-06
Generation = 31**************************************************
[[0.006611692880244799 7233 18 6]
 [0.006611692880244799 3400 11 4]
 [0.04309341408967882 8992 11 4]
 [0.006611692880244799 8580 11 8]
 [0.04001873478006789 6386 6 4]
 [0.006611692880244799 6852 6 2]
 [0.006611692880244799 6852 12 2]
 [0.0668917244311838 5206 10 2]
 [0.03635428404403318 5206 6 7]
 [0.006611692880244799 5499 11 5]
 [0.020996425890527148 1053 11 18]
 [0.005163236176913841 8992 11 4]
 [0.02481351061121185 8992 11 6]
 [0.02481351061121185 8992 16 8]
 [0.006611692880244799 5031 6 4]
 [0.006611692880244799 6852 14 2]
 [0.006611692880244799 8992 15 11]
 [0.03635428404403318 6418 10 2]
 [0.03635428404403318 8762 6 15]
 [0.020996425890527148 3404 11 5]]
Parameters of the best solution (11) : [0.005163236176913841 8992 11 4]
Fitness    = 161606.47174316226
Change     = -133557.53206533694
Loss of best pinn :  6.177871000545565e-06
Generation = 32**************************************************
[[0.006611692880244799 7233 18 6]
 [0.006611692880244799 8580 11 8]
 [0.028213141218405312 8580 11 2]
 [0.006611692880244799 6289 11 5]
 [0.07623155121363252 6852 14 2]
 [0.022280920394082353 3400 11 4]
 [0.05047220851891943 8992 11 6]
 [0.02481351061121185 2433 11 4]
 [0.06154775853177709 6386 11 4]
 [0.08396611699359968 8992 15 11]
 [0.08705103355793782 8992 18 6]
 [0.006611692880244799 5402 11 8]
 [0.006611692880244799 8580 12 19]
 [0.0955130897713361 5499 11 5]
 [0.006611692880244799 6852 14 17]
 [0.006611692880244799 3400 11 15]
 [0.006611692880244799 3400 11 3]
 [0.04001873478006789 8023 6 4]
 [0.08125862540522331 6386 6 4]
 [0.005163236176913841 8992 6 11]]
Parameters of the best solution (0) : [0.006611692880244799 7233 18 6]
Fitness    = 888320.4452010908
Change     = 779314.6257595111
Loss of best pinn :  1.1157198969158344e-06
Generation = 33**************************************************
[[0.006611692880244799 7233 18 6]
 [0.006611692880244799 6371 11 4]
 [0.02481351061121185 6808 11 8]
 [0.005163236176913841 8992 10 11]
 [0.005163236176913841 6289 2 5]
 [0.006611692880244799 5402 11 19]
 [0.006611692880244799 5402 6 3]
 [0.006611692880244799 6386 11 12]
 [0.06154775853177709 1435 11 4]
 [0.022280920394082353 8037 11 15]
 [0.006611692880244799 4557 18 6]
 [0.007085818830417279 7233 18 4]
 [0.0743121206202679 2433 11 8]
 [0.005163236176913841 8992 15 11]
 [0.05587161529207704 8992 6 5]
 [0.023434855453320816 5402 11 8]
 [0.04539465857560766 3400 11 3]
 [0.006611692880244799 3400 19 4]
 [0.05591306507087975 6386 11 4]
 [0.010462695685936736 3400 11 15]]
Parameters of the best solution (0) : [0.006611692880244799 7233 18 6]
Fitness    = 888320.4452010908
Change     = 0.0
Loss of best pinn :  1.1157198969158344e-06
Generation = 34**************************************************
[[0.006611692880244799 7233 18 6]
 [0.006611692880244799 6386 12 12]
 [0.060671014637709034 7233 18 4]
 [0.007085818830417279 7233 10 11]
 [0.005163236176913841 8992 10 5]
 [0.006611692880244799 2879 11 4]
 [0.006611692880244799 5766 11 11]
 [0.005163236176913841 8992 11 6]
 [0.0006152244685499939 6386 11 4]
 [0.04488242862081852 6386 11 8]
 [0.04971787087892061 7233 18 6]
 [0.006611692880244799 7233 8 12]
 [0.006611692880244799 7233 9 4]
 [0.046266485879075316 7233 10 11]
 [0.005163236176913841 3379 19 4]
 [0.006611692880244799 8182 11 4]
 [0.01796361321891598 6371 11 11]
 [0.005163236176913841 8826 15 6]
 [0.006611692880244799 984 18 4]
 [0.05591306507087975 3807 11 8]]
Parameters of the best solution (1) : [0.006611692880244799 6386 12 12]
Fitness    = 890922.8706955764
Change     = 2602.425494485651
Loss of best pinn :  1.1124316188215744e-06
Generation = 35**************************************************
[[0.006611692880244799 7233 18 6]
 [0.005163236176913841 1690 10 5]
 [0.005163236176913841 1868 12 12]
 [0.006611692880244799 6386 16 4]
 [0.005163236176913841 3379 1 6]
 [0.005163236176913841 2468 9 4]
 [0.005163236176913841 8826 15 17]
 [0.005163236176913841 6386 11 12]
 [0.0006152244685499939 6386 11 16]
 [0.006611692880244799 7937 10 11]
 [0.007085818830417279 7233 2 6]
 [0.006611692880244799 7233 4 5]
 [0.005163236176913841 8992 10 10]
 [0.006611692880244799 3379 19 11]
 [0.049102397522914065 3379 11 6]
 [0.005163236176913841 8992 9 17]
 [0.006611692880244799 7233 18 6]
 [0.005163236176913841 5296 11 4]
 [0.06809443842609038 6386 11 11]
 [0.006611692880244799 7233 10 14]]
Parameters of the best solution (0) : [0.006611692880244799 7233 18 6]
Fitness    = 888320.4452010908
Change     = 0.0
Loss of best pinn :  1.1157198969158344e-06
Generation = 36**************************************************
[[0.006611692880244799 7233 18 6]
 [0.006611692880244799 7233 14 6]
 [0.024106070315691206 7233 18 4]
 [0.006611692880244799 7937 3 11]
 [0.0722500231744524 7937 10 16]
 [0.0006152244685499939 8992 9 14]
 [0.005163236176913841 1690 17 5]
 [0.005163236176913841 6079 12 12]
 [0.005163236176913841 3188 10 10]
 [0.006611692880244799 3379 19 2]
 [0.006611692880244799 3379 18 9]
 [0.006611692880244799 1873 18 6]
 [0.006611692880244799 6386 4 4]
 [0.006611692880244799 7937 10 2]
 [0.0074393997531367224 7937 11 16]
 [0.0006152244685499939 7888 9 17]
 [0.005163236176913841 7032 10 5]
 [0.005163236176913841 7019 10 12]
 [0.005163236176913841 8992 18 10]
 [0.06345293816044946 3379 19 11]]
Parameters of the best solution (0) : [0.006611692880244799 7233 18 6]
Fitness    = 24361.81040311342
Change     = -863958.6347979774
Loss of best pinn :  4.103785249753855e-05
Generation = 37**************************************************
[[0.006611692880244799 7233 18 6]
 [0.005163236176913841 8992 18 7]
 [0.005163236176913841 3850 18 5]
 [0.005163236176913841 8012 10 12]
 [0.005163236176913841 6079 4 6]
 [0.006611692880244799 7019 10 6]
 [0.07084621812889544 8992 9 14]
 [0.0006152244685499939 6247 18 4]
 [0.024106070315691206 8649 18 5]
 [0.005163236176913841 1690 19 8]
 [0.006611692880244799 3379 4 6]
 [0.005163236176913841 8992 8 10]
 [0.005163236176913841 5861 18 5]
 [0.021035736473203153 7032 12 12]
 [0.005163236176913841 6079 1 6]
 [0.005163236176913841 7019 15 12]
 [0.005163236176913841 7019 12 14]
 [0.024106070315691206 7233 18 17]
 [0.033630839813322766 7233 18 5]
 [0.005163236176913841 3379 19 1]]
Parameters of the best solution (0) : [0.006611692880244799 7233 18 6]
Fitness    = 888320.4452010908
Change     = 863958.6347979774
Loss of best pinn :  1.1157198969158344e-06
Generation = 38**************************************************
[[0.006611692880244799 7233 18 6]
 [0.04451656133434932 5861 18 5]
 [0.04991349726742553 8992 18 7]
 [0.005163236176913841 8992 11 6]
 [0.058369280816353314 7019 8 10]
 [0.005163236176913841 8992 19 13]
 [0.005163236176913841 8012 10 14]
 [0.005163236176913841 8012 18 14]
 [0.005163236176913841 3850 13 14]
 [0.005163236176913841 8980 18 4]
 [0.006611692880244799 7460 18 6]
 [0.006611692880244799 7537 18 5]
 [0.005163236176913841 8992 18 5]
 [0.0466131508407837 8992 10 6]
 [0.006611692880244799 7019 6 10]
 [0.037419265222661 8992 8 8]
 [0.01694012585440209 8012 10 12]
 [0.005163236176913841 8012 4 5]
 [0.005163236176913841 7019 12 14]
 [0.005163236176913841 6247 15 4]]
Parameters of the best solution (0) : [0.006611692880244799 7233 18 6]
Fitness    = 888320.4452010908
Change     = 0.0
Loss of best pinn :  1.1157198969158344e-06
Generation = 39**************************************************
[[0.006611692880244799 7233 18 6]
 [0.05367311588241491 7537 18 5]
 [0.006611692880244799 6798 18 5]
 [0.005163236176913841 8992 14 4]
 [0.005163236176913841 8980 11 5]
 [0.005163236176913841 8992 18 6]
 [0.005163236176913841 4393 15 4]
 [0.006611692880244799 7019 2 10]
 [0.006611692880244799 3603 13 14]
 [0.005163236176913841 166 19 13]
 [0.005163236176913841 8992 10 6]
 [0.020338919651477747 7537 18 5]
 [0.006611692880244799 7537 18 11]
 [0.07028439321336624 8992 18 4]
 [0.005163236176913841 8980 11 12]
 [0.04113744135858155 7460 18 6]
 [0.006611692880244799 7460 4 4]
 [0.005163236176913841 6247 6 19]
 [0.019851886888240154 7019 6 14]
 [0.005163236176913841 5045 19 13]]
Parameters of the best solution (0) : [0.006611692880244799 7233 18 6]
Fitness    = 888320.4452010908
Change     = 0.0
Loss of best pinn :  1.1157198969158344e-06
Generation = 40**************************************************
[[0.006611692880244799 7233 18 6]
 [0.006611692880244799 8992 12 4]
 [0.005163236176913841 2258 10 6]
 [0.005163236176913841 8992 11 5]
 [0.09363242429177901 4393 15 4]
 [0.006611692880244799 4396 18 5]
 [0.006611692880244799 6798 11 16]
 [0.005163236176913841 1105 19 13]
 [0.02638054613200578 7537 18 5]
 [0.020338919651477747 7537 18 10]
 [0.06141489579168089 7460 4 6]
 [0.006611692880244799 1197 14 4]
 [0.06564274613380795 8992 14 6]
 [0.005163236176913841 8980 11 8]
 [0.005163236176913841 4393 15 7]
 [0.005163236176913841 4393 10 5]
 [0.006611692880244799 8980 9 12]
 [0.005163236176913841 3052 11 13]
 [0.020338919651477747 7537 17 5]
 [0.006611692880244799 1575 4 4]]
Parameters of the best solution (0) : [0.006611692880244799 7233 18 6]
Fitness    = 888320.4452010908
Change     = 0.0
Loss of best pinn :  1.1157198969158344e-06
Generation = 41**************************************************
[[0.006611692880244799 7233 18 6]
 [0.006611692880244799 7233 12 7]
 [0.006611692880244799 8992 4 7]
 [0.032205227979904445 4393 10 5]
 [0.005163236176913841 4393 10 14]
 [0.005163236176913841 7660 11 6]
 [0.005163236176913841 2258 10 17]
 [0.005163236176913841 8980 11 8]
 [0.005163236176913841 7222 18 5]
 [0.01165514135572368 4396 18 13]
 [0.005163236176913841 3052 18 19]
 [0.06782383516193188 8992 12 4]
 [0.005163236176913841 4393 14 7]
 [0.005163236176913841 5000 15 5]
 [0.005163236176913841 4393 7 5]
 [0.005163236176913841 6330 10 6]
 [0.005163236176913841 2258 19 12]
 [0.006611692880244799 8980 11 9]
 [0.05777521878506315 8980 11 5]
 [0.005163236176913841 3052 7 13]]
Parameters of the best solution (0) : [0.006611692880244799 7233 18 6]
Fitness    = 888320.4452010908
Change     = 0.0
Loss of best pinn :  1.1157198969158344e-06
Generation = 42**************************************************
[[0.006611692880244799 7233 18 6]
 [0.006611692880244799 7233 12 13]
 [0.026360734283848827 4393 14 7]
 [0.005163236176913841 4393 12 13]
 [0.018327784540562542 3052 11 6]
 [0.025532896206831666 7660 11 5]
 [0.005163236176913841 6330 10 1]
 [0.005163236176913841 6330 11 1]
 [0.006611692880244799 8818 19 12]
 [0.005163236176913841 5907 11 8]
 [0.005163236176913841 7233 9 6]
 [0.006611692880244799 7233 10 7]
 [0.006611692880244799 1062 12 7]
 [0.005163236176913841 4393 7 12]
 [0.09004063023605027 7660 11 6]
 [0.005163236176913841 2531 15 5]
 [0.015010971836631012 6330 10 6]
 [0.005163236176913841 6330 2 9]
 [0.006611692880244799 8533 19 12]
 [0.005163236176913841 8980 11 6]]
Parameters of the best solution (0) : [0.006611692880244799 7233 18 6]
Fitness    = 888320.4452010908
Change     = 0.0
Loss of best pinn :  1.1157198969158344e-06
Generation = 43**************************************************
[[0.006611692880244799 7233 18 6]
 [0.006611692880244799 8670 11 6]
 [0.005163236176913841 5207 19 12]
 [0.006611692880244799 8533 19 8]
 [0.005833382918062094 8818 19 12]
 [0.09849382601268356 7660 11 5]
 [0.06169792971604122 7660 9 6]
 [0.018327784540562542 3052 5 6]
 [0.05257106599475379 3052 11 5]
 [0.005163236176913841 8367 7 12]
 [0.005163236176913841 4393 18 11]
 [0.006611692880244799 7233 18 15]
 [0.09611636260498733 8533 19 12]
 [0.006611692880244799 5266 19 13]
 [0.005163236176913841 8818 19 1]
 [0.025532896206831666 7660 11 19]
 [0.005163236176913841 7233 19 6]
 [0.04179630043737183 7233 11 6]
 [0.018327784540562542 1158 11 5]
 [0.005163236176913841 6434 15 12]]
Parameters of the best solution (0) : [0.006611692880244799 7233 18 6]
Fitness    = 888320.4452010908
Change     = 0.0
Loss of best pinn :  1.1157198969158344e-06
Generation = 44**************************************************
[[0.006611692880244799 7233 18 6]
 [0.005163236176913841 6434 14 12]
 [0.03879942316859265 6434 15 6]
 [0.005163236176913841 7233 4 12]
 [0.05203657982485065 4393 18 11]
 [0.005163236176913841 5266 18 13]
 [0.006611692880244799 8533 17 8]
 [0.006611692880244799 8533 19 8]
 [0.018327784540562542 3052 5 19]
 [0.018327784540562542 3052 4 5]
 [0.03200967674554033 1158 18 6]
 [0.006611692880244799 7339 15 12]
 [0.005163236176913841 7233 18 6]
 [0.005163236176913841 5207 19 19]
 [0.06072792202543899 4393 18 11]
 [0.03753700715136699 5266 19 13]
 [0.05393219991333664 8533 19 8]
 [0.006611692880244799 6646 11 6]
 [0.018327784540562542 3052 5 10]
 [0.018327784540562542 7667 11 5]]
Parameters of the best solution (0) : [0.006611692880244799 7233 18 6]
Fitness    = 888320.4452010908
Change     = 0.0
Loss of best pinn :  1.1157198969158344e-06
Generation = 45**************************************************
[[0.006611692880244799 7233 18 6]
 [0.006611692880244799 7233 15 12]
 [0.016165489295391296 7339 18 6]
 [0.005163236176913841 3337 18 8]
 [0.006611692880244799 8533 17 12]
 [0.006611692880244799 8533 19 16]
 [0.009349977205809044 8533 19 5]
 [0.07161415074857591 7667 11 13]
 [0.005163236176913841 3736 18 6]
 [0.03200967674554033 7233 16 12]
 [0.02167695570892553 7233 18 6]
 [0.0653473296125986 7233 15 12]
 [0.006611692880244799 7339 15 16]
 [0.07353289460365482 8533 17 8]
 [0.09809065053708464 6646 11 6]
 [0.08909119318488692 6646 19 8]
 [0.018327784540562542 7667 11 10]
 [0.018327784540562542 5266 18 9]
 [0.005163236176913841 1158 5 6]
 [0.06786285702173987 7233 4 12]]
Parameters of the best solution (0) : [0.006611692880244799 7233 18 6]
Fitness    = 888320.4452010908
Change     = 0.0
Loss of best pinn :  1.1157198969158344e-06
Generation = 46**************************************************
[[0.006611692880244799 7233 18 6]
 [0.006611692880244799 1984 18 8]
 [0.022428897691682503 3337 18 5]
 [0.009349977205809044 8533 19 8]
 [0.03787077348698352 7339 15 16]
 [0.006611692880244799 944 15 6]
 [0.016165489295391296 7339 7 6]
 [0.08640685689943962 7233 16 12]
 [0.03200967674554033 7233 16 10]
 [0.018327784540562542 7233 18 13]
 [0.07876159276250269 7233 18 6]
 [0.006611692880244799 7233 18 9]
 [0.008578630711481452 3337 18 5]
 [0.009349977205809044 6315 19 6]
 [0.0315883008961361 3736 15 16]
 [0.006611692880244799 6735 18 6]
 [0.016165489295391296 7339 10 6]
 [0.005163236176913841 5076 16 12]
 [0.018327784540562542 5266 18 5]
 [0.0048856393857248355 5266 18 6]]
Parameters of the best solution (0) : [0.006611692880244799 7233 18 6]
Fitness    = 888320.4452010908
Change     = 0.0
Loss of best pinn :  1.1157198969158344e-06
Generation = 47**************************************************
[[0.006611692880244799 7233 18 6]
 [0.006611692880244799 7233 18 11]
 [0.0048856393857248355 5134 18 6]
 [0.0048856393857248355 5076 16 17]
 [0.0037893183010330833 5076 18 6]
 [0.006611692880244799 6735 1 5]
 [0.018327784540562542 1304 18 8]
 [0.006611692880244799 7339 5 6]
 [0.016165489295391296 1395 7 6]
 [0.009349977205809044 6315 15 8]
 [0.009349977205809044 7233 5 6]
 [0.008578630711481452 3337 10 5]
 [0.0048856393857248355 161 18 6]
 [0.0048856393857248355 5266 16 13]
 [0.005163236176913841 5076 16 17]
 [0.07672717970267405 6735 18 5]
 [0.018327784540562542 6444 18 8]
 [0.006611692880244799 1984 15 6]
 [0.009349977205809044 6315 19 11]
 [0.0029875011478370703 6315 19 8]]
Parameters of the best solution (0) : [0.006611692880244799 7233 18 6]
Fitness    = 888320.4452010908
Change     = 0.0
Loss of best pinn :  1.1157198969158344e-06
Generation = 48**************************************************
[[0.006611692880244799 7233 18 6]
 [0.06778374914973202 5076 18 6]
 [0.0037893183010330833 6315 19 10]
 [0.00696267358340511 6315 19 6]
 [0.0661383812907414 5134 18 6]
 [0.04565705674246355 3337 10 5]
 [0.008578630711481452 7387 15 6]
 [0.02488736660508359 7339 5 6]
 [0.006611692880244799 7339 5 18]
 [0.0048856393857248355 5266 16 13]
 [0.0518059771465661 7233 18 6]
 [0.006611692880244799 613 18 6]
 [0.0037893183010330833 5076 18 7]
 [0.08694874046493942 6315 19 6]
 [0.009349977205809044 7233 5 10]
 [0.009349977205809044 7233 18 5]
 [0.04744812523366454 1984 15 6]
 [0.006611692880244799 522 5 6]
 [0.006611692880244799 6315 16 8]
 [0.006408936836370874 6315 16 13]]
Parameters of the best solution (0) : [0.006611692880244799 7233 18 6]
Fitness    = 888320.4452010908
Change     = 0.0
Loss of best pinn :  1.1157198969158344e-06
Generation = 49**************************************************
[[0.006611692880244799 7233 18 6]
 [0.00696267358340511 6315 19 15]
 [0.00696267358340511 6315 1 6]
 [0.07069460803415242 6315 16 8]
 [0.006611692880244799 6315 9 5]
 [0.009349977205809044 5285 5 6]
 [0.0838125501824873 7339 16 13]
 [0.004216431803989407 5076 18 7]
 [0.09140298361554355 613 18 6]
 [0.03603506468628694 613 18 10]
 [0.006611692880244799 7233 19 6]
 [0.006611692880244799 7233 19 4]
 [0.0738774094474861 6315 19 6]
 [0.006611692880244799 6315 16 18]
 [0.07030567260274927 7233 18 5]
 [0.009349977205809044 3971 18 6]
 [0.02488736660508359 7339 16 4]
 [0.014453750316993128 5076 18 7]
 [0.0037893183010330833 6595 18 6]
 [0.0633520708209639 613 19 10]]
Parameters of the best solution (0) : [0.006611692880244799 7233 18 6]
Fitness    = 888320.4452010908
Change     = 0.0
Loss of best pinn :  1.1157198969158344e-06
Generation = 50**************************************************
[[0.006611692880244799 7233 18 6]
 [0.006611692880244799 918 16 4]
 [0.006611692880244799 7233 19 2]
 [0.06935142037672551 7233 18 6]
 [0.009349977205809044 3971 18 4]
 [0.004216431803989407 7626 9 5]
 [0.006611692880244799 4698 9 6]
 [0.009349977205809044 1875 19 6]
 [0.006611692880244799 6595 18 13]
 [0.014453750316993128 5076 7 7]
 [0.014453750316993128 5076 18 13]
 [0.006611692880244799 8435 16 4]
 [0.02488736660508359 7339 4 4]
 [0.006611692880244799 5307 19 6]
 [0.009349977205809044 2017 18 7]
 [0.0033459471307130647 6315 9 5]
 [0.009349977205809044 5285 4 6]
 [0.009349977205809044 5285 19 10]
 [0.023811095971321607 7233 19 6]
 [0.029566605858698015 5076 18 7]]
Parameters of the best solution (0) : [0.006611692880244799 7233 18 6]
Fitness    = 888320.4452010908
Change     = 0.0
Loss of best pinn :  1.1157198969158344e-06
Generation = 51**************************************************
[[0.006611692880244799 7233 18 6]
 [0.0352119104769082 6595 18 13]
 [0.006611692880244799 6595 18 3]
 [0.009349977205809044 7058 18 7]
 [0.006611692880244799 2898 19 2]
 [0.02136482502236869 7233 9 5]
 [0.0640640720886367 7626 9 5]
 [0.006611692880244799 8435 8 4]
 [0.006611692880244799 8435 9 16]
 [0.006611692880244799 3976 19 6]
 [0.009349977205809044 1875 3 6]
 [0.08614054808846996 6595 18 13]
 [0.006611692880244799 6595 18 5]
 [0.03126745352601627 3971 18 7]
 [0.009349977205809044 5418 18 2]
 [0.006611692880244799 7626 9 5]
 [0.004216431803989407 6315 8 5]
 [0.09622243900997932 8435 16 4]
 [0.055704479962212235 8435 16 6]
 [0.006611692880244799 3447 19 6]]
Parameters of the best solution (0) : [0.006611692880244799 7233 18 6]
Fitness    = 888320.4452010908
Change     = 0.0
Loss of best pinn :  1.1157198969158344e-06
Generation = 52**************************************************
[[0.006611692880244799 7233 18 6]
 [0.006611692880244799 6806 9 5]
 [0.006611692880244799 8175 18 3]
 [0.08320318386728617 6595 9 5]
 [0.054543344238542665 7233 9 6]
 [0.006611692880244799 3447 8 5]
 [0.009349977205809044 5418 2 2]
 [0.009349977205809044 5418 18 3]
 [0.006611692880244799 3976 11 6]
 [0.006611692880244799 8435 9 4]
 [0.006611692880244799 8435 7 6]
 [0.06285779854614473 7233 18 5]
 [0.006611692880244799 6595 18 19]
 [0.006611692880244799 6595 18 5]
 [0.04639746213276699 7233 9 6]
 [0.004216431803989407 6315 10 5]
 [0.004216431803989407 4794 18 2]
 [0.009349977205809044 5418 18 12]
 [0.035922378605234756 6595 18 6]
 [0.006611692880244799 8435 10 16]]
Parameters of the best solution (0) : [0.006611692880244799 7233 18 6]
Fitness    = 888320.4452010908
Change     = 0.0
Loss of best pinn :  1.1157198969158344e-06
Generation = 53**************************************************
[[0.006611692880244799 7233 18 6]
 [0.006611692880244799 7233 19 3]
 [0.018000928671072704 8175 18 3]
 [0.03945397150562416 8435 9 4]
 [0.0685199639281719 8435 9 5]
 [0.006611692880244799 4794 16 2]
 [0.004216431803989407 6315 1 5]
 [0.07279849052402272 6315 8 5]
 [0.006611692880244799 3447 11 17]
 [0.09767095245058652 6595 18 5]
 [0.006611692880244799 6595 10 6]
 [0.006611692880244799 7233 13 3]
 [0.006611692880244799 8175 8 3]
 [0.006611692880244799 8435 14 4]
 [0.04961909169344434 6806 9 5]
 [0.006611692880244799 8219 18 2]
 [0.004216431803989407 5235 18 5]
 [0.004216431803989407 6315 18 5]
 [0.006611692880244799 3447 5 6]
 [0.013968142729940005 3976 11 5]]
Parameters of the best solution (0) : [0.006611692880244799 7233 18 6]
Fitness    = 888320.4452010908
Change     = 0.0
Loss of best pinn :  1.1157198969158344e-06
